
43344
26824
24808
25765
26448
24925
25054
24539
24243
24709
24087
24452
25343
184014
37891
27556
25313
24730
45403
46298
180239
28688
30316
22943
25756
44790
25066
24822
42284
32258
24559
25903
46163
31415
41247
46281
26363
42691
25751
47629
30444
41478
42032
44901
25621
42719
52617
24700
35342
24147
24072
32280
59858
25025
23703
25351
57686
70050
236019
26274
26183
51505
27310
25594
26830
26687
58073
37593
26423
24906
26508
25066
34065
41267
26443
26934
26568
24651
26615
27023
122393
27139
24904
42982
44307
25889
24376
109263
25701
24615
24962
27214
95072
24474
27026
42871
23888
39811
23867
25618
45506
34649
34017
24506
25337
32384
43401
42559
25133
42227
25728
45191
42968
24944
25045
24885
31102
25535
41519
41402
24888
25052
25347
25983
24915
25542
25587
26205
35074
42068
40832
28358
29852
24509
24019
24378
47572
30182
25202
35431
27066
40828
45832
55662
136145
45638
46838
59102
51095
30177
42270
44664
24232
29158
25075
22435
40925
24489
36304
71473
67956
73112
32759
47560
23105
40359
23130
24871
25043
23657
23939
22655
25362
40644
25035
24318
24780
24663
24880
24737
27877
23357
24455
24858
24401
24705
23293
24392
25553
24649
24678
30234
30107
24843
24771
24250
25093
41259
24104
46599
24966
24399
25379
23712
23758
24849
25181
30213
29399
24457
28612
30012
25364
61324
30000
24984
25832
23981
31213
24816
46601
27493
30069
23094
24660
25147
24164
24491
31864
35881
25123
24424
24657
24193
24406
29678
25249
24739
29895
24400
23992
24772
24897
25440
24884
29033
81025
23903
25375
30855
24757
29290
53164
25230
31712
24969
33807
29150
28942
27941
29272
96354
36210
24012
25251
79268
24730
24388
41235
24465
26098
23329
25106
24469
24795
23358
24880
24478
24603
24177
24936
24042
24114
24773
39740
31359
24463
25793
91467
25496
25142
39514
23758
24098
23886
23772
25326
23148
28350
23494
34763
22744
24483
38081
27205
24193
23184
24739
23414
23045
24062
39490
24121
24832
166858
30019
25480
25799
23828
23886
24010
25326
34376
24812
25272
25671
43886
24442
24630
39167
43572
98659
25473
25049
25115
24185
24418
24928
24650
24883
26470
23132
26033
23511
25777
24612
117709
24495
24263
89599
24800
23298
24918
25373
25143
152519
36606
25439
25895
24595
50083
23211
23872
23192
25895
36253
25024
24193
31978
25003
37511
24169
25877
30888
36712
25518
25159
37451
24622
24090
25409
28609
23706
24673
25613
24946
26482
115333
25224
24361
46212
28954
25555
24999
24787
25452
24613
181812
28535
43114
23424
29618
23655
25050
24684
25067
25821
25181
28779
24688
24986
25076
24539
25090
24467
25419
30029
25031
25949
28749
25926
29023
26088
28741
25587
24701
24863
23434
30064
24999
25145
24486
25301
29045
25508
36834
24844
24079
32578
24264
41496
24542
24716
23456
64128
35815
25188
23824
23902
25387
25661
24744
25726
24469
26217
25024
25261
24798
24357
24391
25902
38375
24661
25572
24685
24885
24747
24619
24535
24376
51990
33276
24817
47972
101297
24544
50275
33027
24215
23761
25057
34424
30882
25515
24001
40549
28088
24171
43534
28360
24949
25828
26060
25083
26233
24812
24035
42147
24728
44509
114786
23921
24957
29393
35753
29902
26646
25227
30683
26744
25013
25507
27004
30039
25830
26594
25840
40215
56113
24099
29854
24180
25451
25833
24517
24865
25134
24061
25068
27629
47914
54749
31427
23367
25417
25830
26080
24864
26623
25414
24748
26179
29747
29254
26970
38220
25022
25940
26373
30493
24083
26000
26095
25392
31455
30901
23927
25933
26398
25755
31242
23433
26362
23526
26250
49228
26732
23695
25440
42934
30831
24883
29766
24892
30610
29695
25698
25819
26235
25299
26339
23613
25836
25426
25455
25603
25962
25174
25306
25303
29529
37791
25746
24505
25822
24647
80493
24914
25027
24298
25560
26025
24575
25456
50534
23899
25605
32888
29766
55649
36712
32129
25610
25821
31718
26254
26088
24733
25073
24954
26454
33262
31241
34194
26121
48190
37901
31683
25661
25082
33532
25532
29209
30793
24953
29998
46782
24570
25550
25806
39176
46830
25914
25188
29884
28204
25625
25201
24528
24372
30419
24321
25557
25076
25624
34748
25287
24985
87942
24216
39405
25064
25216
44929
25681
24798
25467
24940
29293
28170
24607
23775
24215
23750
23738
34999
22438
27082
26694
26234
41239
23935
30077
25149
213379
24832
24528
24427
26352
24895
25661
23994
25425
25084
26527
24357
30696
23667
25371
25197
25451
24814
48002
24298
25965
24055
134238
28423
24272
27985
25513
24861
24347
25461
30659
25218
43572
30058
30144
24756
24944
25201
25906
30611
26441
30589
206338
39907
99426
25280
98515
24882
24564
24957
30659
25656
30212
24477
29997
25441
30276
24921
26077
25922
25813
25312
26891
25875
30963
26002
29393
24103
23804
34500
24165
25640
33295
25528
24801
78338
33248
73994
25998
77127
34089
25319
74968
24860
24261
24358
26060
25065
41465
55365
33817
23326
27532
23559
25537
25549
24514
23637
25320
242628
24023
25245
111368
29356
24027
25253
25411
32617
25432
25486
32162
24355
32445
24882
24712
29276
30178
31073
30723
29506
30595
29096
30439
34909
24829
32393
24506
24644
25587
24813
29949
23932
25079
24800
31700
23885
29226
24966
24930
23164
25992
24372
32427
25084
25588
25507
40007
24972
26236
25378
27558
24143
27393
29884
24790
29664
25450
25322
24057
24658
25483
26597
25471
25109
26480
40146
26008
24832
36583
129848
26072
25096
37366
30223
25642
24612
25415
30764
30051
26146
25857
54738
57544
46445
42526
24155
40775
25284
26038
25739
40131
25453
27012
53812
25133
30337
25166
26464
24130
25145
24944
26015
52579
26074
26301
23552
119251
25730
24540
25893
28393
25483
25946
29431
43662
46018
34747
29354
42258
25203
26233
42432
50529
42954
24767
40013
41095
40053
41723
25019
42005
39684
40422
25765
42557
25615
41922
41651
42226
44904
25283
42254
41108
24772
39944
25219
25599
38533
129349
29120
24391
23329
25222
25718
25369
25721
24523
25418
25110
26289
24938
23180
23192
23162
23185
61532
27093
26477
49178
36463
24134
23136
23725
43408
26026
25626
40831
34871
24792
25912
26366
25972
26331
25294
44704
41260
39782
33551
24863
47744
26258
26155
25611
25128
26321
24210
25343
24880
24613
45891
24878
23643
24514
29212
26336
48666
24093
23619
24055
24028
24445
22680
23224
23636
23030
23043
23888
23772
23250
23685
24444
52265
26733
24897
25073
25099
26323
28084
25982
24905
26161
28034
26655
25903
26132
24974
24622
25574
25408
24929
26499
23405
27367
27251
24696
46070
25591
26124
24145
25623
24918
34380
24961
183720
26555
24742
27232
25739
29261
25455
59610
38982
141666
42527
24891
24642
25720
147612
24480
40005
32415
24159
23405
28604
25021
25780
24078
25879
24462
24783
24112
24612
24518
23239
25850
24870
24395
23824
23498
23091
23056
22892
23421
23584
23265
22564
23031
23077
24502
24360
25150
118081
25350
25676
25842
25400
29974
36339
26872
25331
25581
24416
166853
24310
25863
30948
25525
24127
60964
25505
85757
24606
44920
29502
47497
23255
24032
25488
25385
25225
24449
56449
24097
24978
25031
23611
29229
25231
30545
24809
24496
23599
79200
97957
25701
24103
26273
23292
26641
23184
30309
24329
26021
54520
30032
23396
26295
25039
38145
24522
25634
26238
24721
39107
29271
43374
26397
42967
24030
23335
24116
25653
69136
40523
45733
41266
42413
30299
24532
23779
29918
49966
27107
36612
41011
41949
44289
24171
43835
44386
34432
41474
41994
41285
23661
41409
42698
25420
34981
128882
26891
118588
122859
130063
43631
30257
25472
41805
43945
42129
149718
25031
47702
41128
25522
24264
25138
25048
41362
46169
42450
41385
25196
42290
25161
29698
50548
121802
25470
115349
42194
122402
41575
24606
44935
40480
28810
24764
25201
30302
39732
25089
25382
23253
23203
23270
25673
28611
37207
38157
25456
41694
40616
49011
39672
50353
25633
24757
35986
24336
23487
51687
22578
22796
33551
27871
24610
25587
35417
40282
32904
25515
23994
24057
26064
25168
40849
50493
41194
121473
62246
25024
37997
24770
24953
41280
32814
35194
173750
52287
38195
41637
37883
25763
24622
37669
26144
50729
25866
24936
45185
37940
26899
31321
37947
37363
112204
24895
24866
25053
39625
25680
40125
104444
25225
24352
25492
83690
23776
23893
36061
25360
25040
33627
24035
32617
22995
23044
23337
27337
24193
26782
26074
25642
25463
23525
25645
24730
24401
25014
26388
24626
24264
38108
26389
24070
26085
24303
25386
24542
24424
24821
26396
24524
26410
24259
25620
41639
25391
101281
25344
38589
25019
25015
25003
29900
25048
24547
23906
25117
36608
25190
24932
38392
26454
44945
23698
25945
27987
24507
25556
24955
45263
24190
24824
24462
26079
24943
90183
24704
25138
25830
24428
23790
26226
25348
24331
23216
24799
26415
23940
26599
25217
24860
27047
31454
127115
24879
26286
25112
36405
24896
25187
24503
25713
48324
24059
23912
24747
24331
24827
23266
24786
24996
36449
26166
26248
25429
30216
29175
27699
26811
29392
25664
25474
24955
24240
23938
40744
25256
47270
29570
33596
25402
26255
28833
24637
24122
25230
92863
45458
25615
24178
25914
26298
25147
24769
47772
23941
62242
29818
24296
24558
43104
24219
24863
46857
24698
25249
24521
26880
26573
23742
26707
26095
23646
25777
42238
23472
26353
23632
26733
25303
25530
25413
24900
26055
28997
24353
25499
25949
25634
48677
40348
54355
23808
31154
27206
24587
25898
26433
25603
26572
63040
25116
39219
25179
24947
24917
25012
26524
25540
25212
25106
24559
25267
26083
24820
25647
25119
24852
25332
26591
25010
24426
39296
41220
43409
43260
40188
44886
41292
26226
24294
41474
25379
42909
40655
51266
39895
39510
24770
26038
46568
23792
116430
41322
39191
44974
185569
46855
25255
45476
40396
41667
41253
44694
25305
26290
24054
26308
26269
35511
42200
41203
40531
45889
44748
25009
46936
25426
40825
29071
26922
42001
48488
43749
41028
46971
47326
39849
29936
39673
25095
41736
43226
41777
25851
42217
41498
41315
58175
26270
46472
41373
41254
42355
45698
26738
43565
40187
25756
44605
41969
26129
40824
41769
29712
31088
42093
40148
47970
36650
25237
38168
23679
24642
27521
45049
26091
35709
26009
38253
23722
23037
23254
22987
57815
30171
25772
32739
89294
26240
33495
46560
25586
26004
25826
26282
40498
30046
34072
39922
25630
26512
31948
25663
26067
31920
25416
39667
25558
72281
24511
25836
24911
25851
24810
25859
37618
47864
44553
95357
25784
44008
24344
26252
25129
40367
24200
24819
24926
25201
29834
26258
24973
25582
24290
29192
24202
25167
25769
25291
29669
78559
30641
25418
24964
29799
25222
25622
96415
31406
24057
92200
36573
24069
87571
72844
24049
29000
42523
26008
24860
42511
23604
26368
24254
25127
25712
24433
35232
25104
25079
47971
25713
24957
25559
37120
23762
25147
25813
25396
96886
25924
25553
25810
24760
23902
25198
25812
24994
24995
69463
28963
24979
33968
25565
36405
95165
37278
24750
25049
25972
31673
24654
34668
31462
24125
25027
25583
26328
51335
23856
25667
35676
31064
32328
24892
29844
24770
29308
25095
25009
30445
86771
41347
24933
25840
37343
24288
77170
25174
24984
29956
30486
24772
35712
25373
25061
24316
104526
24677
25565
55143
23619
25834
48754
36333
25257
83277
26417
25437
24917
25569
25776
26203
24798
25680
25103
25109
30782
25878
30692
25181
85615
31075
25866
38018
25136
25311
29807
26309
25886
30166
31830
25863
59845
24594
39445
25721
30286
30029
22945
31582
29380
26504
43047
23818
23737
25350
29787
25479
24531
25190
41864
104920
127072
28090
29916
24971
44349
23425
23696
25034
24946
25564
25265
23939
25334
42902
24483
23529
57169
24773
23816
24721
24753
34779
24811
24562
25053
22172
104024
24784
91309
25332
24216
26030
23056
113199
39441
109584
24626
24971
24114
24778
23485
24538
24456
25039
22898
29494
24513
47876
23141
29030
24925
23344
37398
25795
24707
40879
94566
118099
99607
25455
24110
24550
82180
139531
87679
113756
24921
24775
24641
24672
24247
25159
29056
25407
24543
24774
24545
29776
25191
31132
33745
25275
25005
25463
29176
25288
25298
26544
25766
24525
23786
24119
693298
25301
34129
34799
24527
26377
31975
25108
25698
25492
24161
24921
24171
24953
24939
25506
25079
99278
25230
109078
24834
24811
25766
24841
24480
25248
119603
24789
109157
25180
25273
25209
24639
25423
24884
30527
30554
101249
24696
25664
30520
25375
24365
25797
32610
36590
25399
30512
25252
24325
28011
25642
24417
111816
24218
25342
32193
24740
24915
39023
25551
23625
24591
25773
25065
25347
24000
24616
24463
33619
35882
25340
24568
25322
25382
23823
25027
25558
25139
24724
24314
29335
23759
24637
23961
28446
34641
23284
23453
27892
25166
24677
24903
25037
53343
25490
28484
23709
25272
25873
26208
30428
25697
25554
25425
24961
28809
25746
25505
25880
25208
25861
92805
25131
25260
25945
26515
31478
23730
24855
25015
26023
25246
36280
36330
26743
23714
26093
30997
26124
25755
31840
25284
26410
25657
27029
114780
30243
131317
115540
119416
42051
119177
31705
26215
114375
25867
26048
24542
25859
29150
25711
25344
31932
30603
25674
121372
25688
111435
115953
25800
25639
25750
30274
25265
30424
24798
25842
24254
185737
25128
25813
36079
103266
30942
35234
25610
105178
25662
25627
33467
25921
25275
25529
25231
25378
25090
119444
35580
24822
25808
24719
24997
25995
28509
26328
29043
90015
95187
23975
24000
28398
25304
23673
24233
24008
25042
23790
23630
24587
23626
24308
25431
24707
31312
23850
30935
26566
24321
24968
24657
31531
23726
30222
30392
25415
25331
24539
25467
25295
26482
25312
25915
25237
25687
39509
25923
25846
24461
25065
38920
26169
26309
26246
25394
101256
30367
41706
25946
46678
25112
108165
24343
25305
25482
26110
33436
30196
24415
24907
26048
25092
25242
31980
25393
24956
24368
24697
23981
24911
25811
24452
24439
25847
23237
26216
24412
29970
25722
30213
25002
23809
24789
25374
34316
25595
23963
25623
24205
24422
25246
23977
25507
24603
24529
95961
23636
25089
24804
25718
24269
26102
24918
23869
24821
36027
24841
32255
24894
192842
23963
24912
25586
30547
24057
39801
24760
25356
25041
25694
111256
24315
24060
25262
24446
25030
22997
22559
21949
35828
25069
31595
23853
31003
26485
25761
24140
33598
25678
31886
23903
25511
26083
41960
23435
23886
24450
77749
100727
29428
25151
23732
47834
77493
56073
32697
22873
24741
31966
25900
25441
25904
25573
24593
26374
25548
25189
26195
25530
25694
24854
25334
43683
29642
25792
25142
25064
39932
25928
51663
31688
26405
25280
26071
26119
25680
25523
25687
25415
25607
117429
24737
25799
25857
69959
40184
52640
150247
29360
322557
30219
54997
25851
26174
25223
25539
64490
114561
24593
24933
25246
25998
30860
25151
25341
25762
25208
25947
27477
25143
24481
25746
24852
24738
24621
25205
25717
29616
30168
30438
30354
98276
25157
25743
37456
36737
25208
79107
25563
25642
25630
34077
94654
103473
106230
97768
25397
117197
24601
24872
25295
36074
24871
31326
30693
31193
24762
45078
25733
26328
25457
34021
32109
34058
25396
26184
26150
36808
24866
26219
24962
31678
33184
25654
25037
25986
25010
25465
24251
25177
27603
29524
28765
25502
24006
24630
24928
25480
24214
30175
24176
24762
24827
25773
25194
24130
24142
25742
23681
25320
24464
24840
24697
24625
31236
25083
22867
39269
24647
23732
24704
29598
24598
24911
24613
32164
28903
29160
24569
25280
29832
30060
29807
24883
24342
43598
24568
24506
27633
25135
29635
25236
25897
24159
23476
23802
181821
23114
22705
22654
26948
30990
24560
23458
29862
23308
24942
25066
22674
29412
24728
25088
25103
30232
24606
33127
31607
91325
24676
25277
24628
24932
25219
31140
23937
24896
24388
25663
24518
25064
23385
24754
24580
26097
23759
25532
39515
25043
24831
24673
24971
25327
25431
25253
25829
25703
25141
25871
24399
25059
26700
30129
26409
31256
25977
25431
25941
26110
29848
109889
25205
25711
25976
25502
29358
24772
29098
29406
29799
25157
28149
30174
33426
25726
101993
102650
24515
24870
31230
25745
25272
80998
35147
24637
28856
29124
23956
24186
25128
25390
24435
29912
24977
25884
25290
30081
24334
24730
25203
30648
25182
25141
24686
23987
24878
33465
24757
25309
23330
25030
24569
34565
29504
32223
29256
103260
29421
33827
29671
25219
24256
30458
24445
48530
38614
23288
23526
24339
22576
32031
31716
26067
23885
25509
23848
25824
25540
26307
24145
26045
39025
25601
25590
25906
26034
25475
24609
25517
26690
24443
30989
26403
25569
31188
26383
26069
25538
25792
35973
24644
26099
35721
30543
25669
30153
26026
26207
30713
24955
26059
31721
30993
25275
26152
29659
31256
31208
25507
30216
25676
25268
30778
24550
26863
25484
26121
25686
115733
25064
41139
24935
26770
26408
25599
25076
25436
25862
26707
24907
26038
25614
31517
25084
25752
23557
23940
25689
26921
30019
24114
29837
24070
25727
26255
24839
25716
25339
24792
25360
24861
26082
33088
26140
83278
30335
32611
24399
25791
25808
25081
30668
30748
24949
23619
29797
25259
24609
30123
24677
25646
25517
25514
24129
25040
24967
24890
29315
25076
24261
24182
25299
30848
28823
25192
25157
30260
25263
25897
24600
52658
26264
25407
23624
25278
24874
25963
25487
25570
87630
26378
24399
25137
24873
24890
24832
25525
30839
25107
30903
25040
24826
41277
23708
25626
25873
24312
25977
30785
99978
25670
30136
25759
25091
31251
26141
36679
86164
25892
25510
25719
26629
31435
35258
43167
24794
36780
24828
24878
28542
25928
26418
26632
24791
27338
26154
24279
96705
103254
24693
42033
25603
26437
56478
24549
26443
86436
41721
25926
26768
24492
25842
25226
91345
26469
23852
25528
25634
26964
24516
56575
48949
25581
25952
25691
23698
24854
25377
27238
22972
26628
24098
76148
24540
24610
23649
27811
27152
24648
24475
43521
23033
25275
84926
55729
25295
27206
22682
25008
28270
25907
24467
34132
23514
25770
58012
25271
32654
29796
23735
83478
23982
26238
25917
24932
44671
94858
24642
26084
62282
24177
25459
27112
24620
27054
24028
46133
26928
23693
25996
50333
25190
24974
39363
25207
23055
26159
24849
81473
24935
25254
42968
24530
23046
25027
40980
42421
23555
25271
25536
25434
45149
40551
29564
59745
41154
40413
46539
32053
25685
24561
40806
25543
25404
42255
34945
26154
38827
25609
25076
24146
38473
39442
39890
25072
24621
25122
39188
25879
63948
24672
25483
29739
24035
23934
27811
26444
25056
24743
41554
25409
24279
44762
24830
25040
25451
47096
25055
25497
39748
99856
24355
25824
24803
39599
37025
24031
24778
25990
29564
36226
24604
25425
198325
40090
24995
25864
40159
29340
33570
79532
40187
24203
41939
25562
45822
42396
25030
26465
44572
25325
41792
25502
25051
40992
25507
23637
25721
26054
33083
40910
40327
25674
27078
31045
24832
25133
38188
25647
44108
25140
25592
35574
45306
23807
36306
23038
74363
43635
46074
24177
30346
23308
43196
29438
24517
25599
40150
26648
36785
46271
26560
25322
26632
24694
25577
26848
24716
123320
25557
26358
24723
24744
23550
26424
25580
40698
26578
121087
25322
26641
95669
25938
122770
28631
30341
23692
47210
109484
24663
25304
24689
26141
41099
24819
59061
25063
23391
25417
100275
40208
24771
44899
38190
24644
29741
23665
32944
25407
40486
23634
37189
24457
40043
25234
31963
25633
35375
44122
41404
23283
29227
43146
25737
27043
26206
29298
29078
23242
130325
31099
22755
25144
24522
23196
23557
25139
24156
24477
24066
25898
25296
24496
24053
24391
25735
24831
22959
25139
24978
43250
37912
36344
44361
25009
23504
112741
23232
34672
39156
34942
23138
38879
38940
24752
39823
24453
24947
24376
24090
25711
23260
25400
23233
25462
23391
40603
24342
43722
24770
23020
24001
24309
24285
22859
22970
23118
29771
26573
24959
25187
25684
25782
24618
25174
25013
25064
24381
24735
30011
24009
25306
24831
25056
24753
23999
26435
122205
25129
24475
23715
22427
24735
23807
29578
28826
25715
23402
24747
24087
27335
31775
24235
22710
25208
25904
24930
30514
24329
25859
25562
24291
24635
24393
25144
24554
25670
27865
26260
24863
24972
28993
24610
25199
24832
76917
38586
25002
25057
30808
24985
25005
23602
24841
80355
53147
36407
41611
24646
25690
25094
34681
24532
25614
30127
26657
31840
24436
26083
30854
25680
145490
24471
25627
24553
24477
24981
36644
39323
39189
26420
31856
25336
25077
25591
23962
25500
25362
25019
26312
25411
24718
25645
24634
25618
24106
25274
96761
23699
30957
42420
23674
25174
24960
36590
25546
41245
24598
24260
22894
28349
23593
25780
23522
25394
141881
24572
24935
32029
27069
25441
38711
41282
35073
29593
42918
29920
23548
27957
38649
23801
29320
24666
25062
25504
23809
26839
23183
31875
34303
38271
25092
24096
25562
25225
107547
23638
26248
24189
24455
23328
25396
25379
39923
25859
25009
39182
24416
25122
23883
25929
24761
28950
24163
25936
121917
24752
24011
25322
25841
33637
25127
24342
45058
25238
33123
117016
34924
23119
32527
30628
24312
23753
26763
26698
23775
25230
24974
25741
25472
25191
32043
25093
25002
24492
24266
25358
24863
25100
25329
25541
24032
26293
105839
25160
25305
26518
25504
49351
23344
24338
26974
42435
23543
39750
27504
24822
26711
25514
25208
59874
27202
29769
28097
25221
25705
25859
25491
25545
26663
42129
23878
34627
55394
25531
25817
26811
25272
25404
25000
25310
23588
25076
24115
25535
34093
26917
39892
24790
26035
27559
23844
60853
25837
27418
26358
25314
24987
25943
23947
25754
26357
105723
24263
24536
25852
25814
35290
36354
71129
26031
63413
78103
25332
25614
26059
35592
24963
25348
24480
47314
26073
60204
47768
23635
24551
24999
24550
24412
24572
27874
24820
25784
22919
26566
25170
23602
24464
23024
24012
31892
23600
26375
50337
40809
44845
25113
23251
25499
23515
25082
25563
25044
23418
22631
29359
25165
23431
25254
25286
25261
24128
26601
24539
24548
25743
26090
23580
41379
23904
26115
22913
26001
44863
26529
25001
25886
44661
25314
40015
25734
24956
36871
25343
25583
23119
40380
41601
25088
52395
35396
45151
41108
40218
25656
26474
25945
37828
39478
24792
42424
28989
25099
40106
30125
44175
116932
33651
49680
33280
25451
45968
25856
25194
25291
38343
31044
40210
39973
35387
26292
25094
25383
25227
24874
93004
29259
25733
25082
25432
88996
38795
25721
24888
25509
24004
25278
25581
177017
25018
23911
24743
25544
24236
40459
25161
25147
25482
24534
23335
39345
40699
25925
24721
25494
26726
194159
23744
39675
40623
24762
25172
24384
37749
24710
29520
23223
30893
24611
22689
39936
24312
32204
23758
25396
38971
319093
24281
30009
23565
39817
24055
24583
36222
32821
24710
34862
24937
25343
25139
25761
30099
29475
24940
32183
34988
56130
47254
23702
30645
29103
23113
25698
24708
24401
44423
36931
24529
35092
29166
42425
33934
32789
35746
30463
29630
32272
103785
32630
28824
25668
39740
28282
33680
24624
28066
113667
30758
35884
25241
25590
24702
139744
24921
25060
29994
35406
40607
25327
28176
24661
37125
37188
31726
24950
24844
25580
36644
25633
23502
32875
23724
40579
38220
37556
24675
47526
45058
25215
24046
23774
42554
24839
26489
49310
39384
24363
30808
25792
25509
24408
24702
25152
25075
25071
24293
25745
35627
55737
24106
42763
92015
24870
24032
24777
26354
24377
26335
25025
24356
25754
23255
25237
25207
24555
31328
40462
47646
41897
25659
24737
23831
51150
44720
33213
43283
29167
40414
24416
38173
44208
39741
23929
25055
24980
30526
38901
110581
39701
25137
38678
25347
24687
23755
23894
85230
24891
30110
25564
24144
26176
24098
26164
25213
23876
24343
23896
25688
24625
24789
25861
23635
25138
54482
101065
24749
36875
25938
23950
25908
25978
41585
24014
33917
24603
25946
25714
23430
25221
23655
25065
30227
26656
23654
25355
24438
25137
23268
46153
24753
24344
23472
25701
102164
25293
24662
23843
25112
24731
24573
24908
25126
24403
26253
25386
38356
25164
23527
24904
24722
25540
23878
24082
25375
42238
122488
24540
24617
25394
24560
24182
25280
25334
25046
24793
24796
24589
24579
23432
26004
196356
24672
23599
30701
44215
24465
24800
24759
24056
23562
25013
23422
25694
23115
25593
37253
24590
23688
25841
24223
24399
25249
23973
24453
25855
24921
24958
24722
24596
24415
23682
24393
24920
40896
50657
39481
23847
24029
48849
35667
24180
23995
37227
39144
23736
24435
31293
41267
43429
36343
26344
24985
40320
24704
25145
30024
23371
30824
23805
25640
25048
24508
23733
24775
24393
23260
26643
25427
35397
40921
24329
23819
25244
24132
24865
25124
24875
23872
24876
24540
25102
30405
24929
25047
24989
33554
24378
24594
24061
25232
41569
37355
25197
25216
24121
25314
24948
24625
24750
23616
41923
23740
37439
23743
24814
23009
23431
23975
24322
36425
25794
82365
29403
26160
26409
26902
110823
24557
25507
46119
52929
24338
25806
32158
25267
27819
26671
24294
58929
25078
24578
23941
42649
25077
52466
24865
24823
23316
56945
24290
26377
67051
55536
25716
29492
25371
25463
24950
24970
24722
46060
50621
23689
58896
25580
23470
24942
26034
39057
24808
25898
24743
24485
25525
94966
24774
78721
24955
25344
26387
25828
24539
25036
25576
24496
24901
25935
23778
36061
26631
24953
27397
25982
23388
52769
71756
28778
24034
28004
24201
25675
24960
26118
23496
25975
29462
23885
25007
25261
25182
51485
24587
25763
23852
37153
25592
24288
42743
24878
24968
25263
24942
27034
25769
24971
50244
24141
24754
25257
23918
25043
23851
25115
25216
37149
25583
24302
24288
25807
44650
29659
23680
24496
25167
25352
26583
23878
31067
41280
24282
26080
25743
25673
25043
38806
23275
25611
25338
23237
42464
25338
26005
24438
25489
44896
24125
25361
24286
25001
25332
54335
24275
37663
35418
44165
26558
25974
24373
32900
24532
28219
31967
85896
25030
23788
24782
24334
24803
23192
24663
52580
25123
24297
24778
25273
42666
24310
38015
24081
44910
45108
24507
23893
25447
26857
24726
24238
24572
25281
68619
24770
26070
26106
24979
23593
55921
24621
25007
40375
24214
55170
24775
25378
24066
25041
24883
25409
23851
25793
24559
39264
22857
27250
24003
25837
25923
23794
24678
25023
66205
25697
23415
24101
24938
29795
23061
46482
24606
26376
23869
63436
25231
51444
23724
49718
42904
24222
23435
25137
24915
42463
25021
26779
25627
24022
26465
25403
42860
23523
24578
44947
25006
33016
25412
58561
48540
24590
48802
27845
38540
25805
22783
24590
47941
24011
23004
27336
40886
41116
26062
23720
25280
25297
24236
39488
24100
23397
26196
40189
23369
24283
24198
25155
23218
23078
26079
25757
24198
25626
53755
24698
23792
25194
26129
24762
24203
25314
26180
24149
25083
36878
23888
25839
24304
26019
24708
24610
24804
26530
23488
48258
42627
24826
24035
51515
26070
24861
89448
24971
23459
25812
24232
25745
24253
25001
40719
25931
24060
25363
25081
38265
48495
25390
23952
25468
25459
55868
24806
24384
54117
26824
32565
23776
25662
31632
25183
25352
25169
25079
24125
25375
25300
23888
25071
57355
24612
25428
25156
24444
25193
58044
38860
26362
26605
26266
23893
25320
25159
25571
39613
27483
24761
25549
26646
24641
25381
25046
43020
26100
23924
39234
24096
25777
26530
27170
26235
44298
25141
25208
23163
26162
23671
25326
54578
26760
25339
25021
23751
25524
24431
39167
24365
26434
24322
24820
29828
24543
25581
25807
25014
24250
39264
30499
31573
49367
24487
24475
38958
24232
27008
25469
25011
25268
24778
25410
24580
30856
25032
50449
24955
26038
25282
24991
29748
23163
25686
24152
24944
26212
40806
25484
24038
24178
28980
25735
24147
27078
24479
25319
24466
26676
35337
25220
44054
25669
24794
24972
24701
23847
25413
26410
25110
26452
24361
24315
25092
23844
25433
25003
24925
25715
26553
35068
24030
23839
25418
25442
23921
23931
24141
25231
23603
27095
26090
25967
25052
25020
24312
68141
25275
25514
25396
25013
24149
26464
46622
25190
25104
25143
24413
24786
25485
24388
24360
24998
25520
24881
25179
33278
24463
26374
40475
25748
24532
24394
23475
25982
43752
24330
54534
24435
23244
25140
47472
24624
32758
25104
24372
25243
25074
43409
23947
24886
26264
33782
25006
29412
24995
24695
25436
25440
23548
25337
33702
25235
25537
24741
23832
25762
33556
25789
29949
25497
24289
25534
24961
24206
25791
24381
24902
26002
24480
25539
26519
25710
24706
25939
23950
24873
25568
25884
49730
25592
24166
40034
25580
40718
23640
52098
25206
25047
25677
36902
25062
24280
34777
23707
25963
30163
41959
24109
25549
25576
26451
25036
25229
51269
23330
24196
23768
24610
23309
23464
43680
47305
25374
25540
23943
26086
23781
26070
25297
25570
33844
25780
25060
25149
25651
26536
25081
25251
23863
25451
24028
24274
26296
24002
23494
24810
40913
24702
30368
25992
27304
25506
85483
23713
26012
25173
51724
26698
26157
24742
25449
40112
24259
43042
22860
45033
39332
23641
22414
29658
39606
24948
47615
25675
31033
39975
53720
26265
54378
25919
28156
25693
24859
84802
23641
110863
25632
25084
98213
54742
42088
40087
66095
44304
53603
41341
35148
37015
23774
44258
26656
25621
27295
24399
25500
28196
42699
39795
24462
25088
23858
26107
58048
43205
24792
24169
24006
33666
24198
25234
24931
35229
22941
23194
23794
24490
25281
24709
46571
60261
24082
22835
24320
25173
23694
45595
57705
23519
25658
28778
25535
63693
43338
97078
23202
25297
73980
68084
24277
24950
24158
53647
30120
48214
23129
23413
23589
25316
25998
49768
22212
25079
23784
39328
39793
71576
90085
25344
24271
22866
28584
46223
24258
25536
24738
25203
40787
23644
24521
24428
24854
38049
72269
24622
24211
24523
24116
72357
59007
24493
23896
24260
24933
24908
23062
23979
24555
22457
22327
24190
23709
45589
24174
24442
23327
24510
21807
48350
24141
24062
24460
24556
23905
24662
25906
24918
23865
22804
23869
33719
24226
25002
23744
24969
25151
25506
23247
24349
23552
24458
24143
24862
24679
25324
23023
24419
22972
30598
22771
23260
23518
23955
28215
24502
26844
53036
22985
23168
23389
22515
21662
22800
55070
23959
24785
23723
25690
25586
24769
24833
24718
29857
24258
45644
47856
22688
23874
23338
24513
52862
24874
23051
24707
24319
24802
50704
23384
34002
23410
39324
24182
41564
24342
23270
22469
24132
25037
23801
24618
44199
28448
37546
28144
54599
24225
24462
23616
23826
23579
24777
25639
24307
23339
42824
22679
22513
24220
26596
22727
25683
24473
25287
23002
22830
25036
24845
24107
24085
47794
25602
25637
23339
24714
50489
23663
23784
24723
28500
25569
28249
26029
42786
23244
44719
23362
22603
25096
40668
23411
23547
23182
25100
40660
24042
24269
24037
49961
25794
23769
31784
24756
22731
24851
45515
24331
28250
25509
24531
24777
24418
23705
47943
33401
66681
24928
27183
29506
25454
24892
23754
24332
23599
22368
50418
22213
24354
25067
49723
23565
33752
51264
24878
77848
24622
23616
28327
24176
24025
24215
23946
59169
21576
22214
22415
23787
45334
26143
25078
25562
23526
25814
38625
23297
36662
23699
24233
25811
25298
24282
24611
25191
37698
24240
44895
25182
26198
24474
25391
24058
25530
36232
24534
22951
26587
42236
25159
44025
24382
39546
24556
44162
24980
24918
30974
60484
25050
24035
25596
24310
24785
24539
27121
25912
22989
25151
23651
23341
25243
25073
24904
24588
24666
43884
24576
25113
28369
24007
23453
23460
22642
24848
24913
24329
23754
24020
23432
23739
25916
24001
23923
44808
23301
24516
50235
24394
33042
39698
25348
36006
23375
23908
23401
23636
23529
22547
25318
22780
26615
23298
40330
23166
24504
25817
22462
24475
23851
25302
24117
69509
23802
24248
24545
24462
22385
39506
25185
24071
23882
23076
25990
24417
48125
23828
23401
22905
25037
23923
31943
22928
22456
22303
25464
24924
24460
23384
53681
29297
23214
25040
24726
23270
22599
42394
42100
39324
34110
41393
24163
24790
24218
23256
39236
36338
25244
23674
25285
24612
23814
24037
25155
22595
24323
27415
55987
23720
24190
22689
25275
25366
37803
23810
43059
24485
25535
24044
49421
24284
24319
49517
25986
23541
23326
26582
25356
24025
30334
23615
43735
24314
24562
33224
30518
25295
30223
23755
26471
25158
33438
25001
23757
24254
25240
22932
24399
23754
45177
76298
24137
25257
25852
23492
25074
53949
24001
24803
24324
23213
25197
24609
24640
35851
25049
24098
25259
24134
24538
23396
24620
24589
24034
29764
23633
25698
24575
23625
25283
24113
23023
24443
24603
24478
25382
60982
25823
23306
25133
23620
36490
24898
25112
23923
25218
24344
24404
24204
26974
23821
24746
25421
44526
23537
24062
22595
25914
50497
23711
118485
24952
25407
25221
24602
22998
25436
24525
22912
45754
23962
39843
24503
43680
25524
24473
24025
24774
24942
24920
40210
33448
42142
23277
25391
25974
24277
25309
44855
25349
24704
24214
23575
24608
24593
24439
24980
30051
22854
25348
24910
43492
24806
25208
24733
25122
24258
25153
24171
29941
39613
24833
22847
25694
24344
24587
23215
38192
24871
25650
34769
25730
26785
34729
24640
25626
63120
25406
25014
34309
62049
23824
46576
25395
23640
24960
51269
23702
24456
24649
23741
24153
24828
25105
23671
44833
24564
24936
22867
42068
23847
25671
37013
23769
25376
39025
35134
25058
44567
23909
24254
25071
24774
24826
24904
24908
24566
29704
24609
54111
23683
23013
23108
27780
91783
51314
84342
26418
23932
25879
79735
35126
27018
25750
24802
24382
74186
24911
40837
26002
69541
24927
25202
25932
24355
26211
24901
127971
53857
24483
24678
26754
38095
26970
54159
26024
24020
26404
40486
26493
25502
24402
26066
85055
167903
26729
24708
52466
118744
30537
25895
25676
49807
90520
24849
26742
26623
25055
25410
24598
41723
24480
24989
86132
24422
23958
22356
51376
24817
24832
68750
25360
25838
24480
25026
45624
23296
25948
50793
26261
24104
25712
24525
25024
202907
25907
34612
33951
25210
24649
48290
25752
24976
26373
133245
25606
25016
128740
31642
24967
37156
32632
24198
25236
23580
23097
56046
25290
24647
23983
24350
25355
24640
25695
23566
24940
24271
25802
47327
26059
25035
24645
23756
24084
25542
23728
25200
23796
40821
27562
30664
43326
23409
25483
23299
24788
24971
23944
23257
25089
25955
60367
23730
25223
25591
26922
55439
219827
42193
50477
31317
41837
25264
199860
149732
26882
42926
29198
23557
23607
26287
28902
25314
24168
24349
25109
24183
24949
23688
28877
25044
76999
36014
24130
24482
25558
23772
183768
22717
24628
23356
22506
23365
100364
24266
23315
22375
22871
23587
24328
25066
38839
39218
185680
41413
23161
24374
25609
24418
25449
27201
24082
43141
28004
22559
25057
43442
24469
22965
78675
24946
25620
22742
24821
42405
48171
24632
25011
37729
41820
23816
25827
22611
25363
24391
24618
23558
39915
43049
46086
31752
29160
23212
25207
31091
35290
37906
25635
36659
138648
136232
132944
31277
49856
34509
25955
27553
26196
24587
40944
30587
26300
40776
41439
33225
30936
42232
37164
34186
82362
27833
29513
23861
26004
31304
272426
24441
24217
48044
23409
25011
24924
23647
32245
25872
24551
23854
47851
24602
25071
23537
28261
25150
26347
24114
23939
29172
26237
23808
39388
23353
39951
108349
25166
147959
49880
23715
38691
25946
24607
34804
44551
24781
40295
24095
23236
23126
315549
26096
25738
24654
24735
24970
23386
25215
26321
43742
40374
24558
24609
31289
26465
23760
43509
24090
43437
25503
24280
24102
24769
25362
25971
23878
24899
24701
33921
25285
24561
23956
24557
25140
24861
24802
22681
25174
36175
24416
24641
24703
25500
36900
24728
23358
37160
24863
26549
24302
24589
23236
25065
24600
24082
24421
25339
23864
25294
24467
25371
27115
25069
26288
26796
24178
24723
90890
24946
42218
24992
25409
24311
124369
25060
24246
25163
40136
25056
25501
36517
30524
24757
24866
24061
25942
36702
25826
23933
25412
25567
24213
25168
24656
24715
25207
34771
173846
27078
25265
45096
24419
24336
31632
25108
25218
111440
25416
25462
24407
25047
24953
85905
24919
39681
24240
25767
23934
27043
26669
26007
25147
25793
25622
24089
40592
24154
114613
24783
24940
25696
25348
25692
24438
25180
23533
40354
24625
24216
26231
24447
40876
31117
44840
25450
37307
37120
39306
25365
52391
37391
26545
39819
27122
23862
25552
38901
34779
25795
24499
56170
24082
26344
25042
25365
25302
23493
23215
24140
24253
29872
26214
25511
32103
25680
22914
22962
26278
42597
25035
24970
38526
23430
26045
30154
30522
24598
24004
69398
75738
26097
24839
25988
37088
25133
24049
23167
25361
25013
24808
101048
24992
24709
25198
25932
23440
24628
36710
49025
23455
24986
24103
26205
24840
23666
24838
23567
41406
24635
24212
41314
25255
24294
25846
24546
36887
24488
29655
23729
25146
25107
24918
25137
24656
30783
25117
23842
25162
53499
25253
33258
24501
26375
24688
26375
33270
24956
26250
39285
24900
25386
25141
127427
23502
90111
152779
24344
23762
40171
23740
27744
23663
25299
24319
24196
23863
25806
29027
24457
23091
26577
25037
24232
22950
23998
68713
24507
23322
23833
24998
24879
28765
39801
23496
25696
24665
26021
110501
24127
24116
24465
43455
23775
24548
36408
25341
25462
24934
23489
26125
25883
24215
24615
24747
25299
34676
25282
25209
24282
93224
24010
25057
24533
44942
24576
42094
47525
25145
25063
22643
25194
24651
88540
24862
36421
43280
154840
25319
38165
24621
32215
24077
25117
23129
23086
25716
25739
34673
25622
25463
23539
25251
24657
23983
24290
24466
24711
23932
24683
24945
26197
23635
25175
25117
25552
23356
24130
25130
25925
38791
23812
24732
119285
24191
24786
39228
24223
23772
25196
22762
24742
46788
24330
24353
148155
24485
42070
25387
94805
23817
25299
24086
25566
23124
26226
25287
24731
29725
24038
25548
24544
22877
23085
30055
31127
24613
24638
24508
25945
25723
24281
25840
25766
24654
25987
24254
25832
25162
24239
24245
25353
24580
31343
24759
25847
23297
25995
24356
23611
24390
84413
25449
24808
25200
23611
26551
24513
24729
25360
23610
25787
25401
25099
23185
25969
24027
39265
31922
23553
25280
25335
24613
40517
36050
25264
40352
23297
23711
46473
64131
56607
25224
25852
26141
26279
25888
38701
24936
66881
42416
24544
55787
24319
24363
25390
127992
50480
26138
24436
27179
27016
107980
26162
24540
24096
24244
56127
23797
25973
28053
26480
25086
25337
154585
34669
25215
33875
24921
27067
23839
26177
39646
24808
37965
26113
25052
118548
27854
45832
23764
25614
49520
48246
25360
63905
23931
25035
24024
26718
25412
24817
25548
26067
23975
25459
25065
26802
24639
26308
25455
25860
110965
39848
24736
26310
23942
158914
23484
26158
24672
26862
41302
24380
25151
25382
24445
25293
25255
25094
26787
25530
25265
24747
24884
25973
24151
24049
24345
52137
23589
25929
24557
24772
25180
143933
25243
24035
99071
45732
52631
30530
23658
23767
23309
26388
23802
24644
23491
24777
24325
24575
24166
25962
159651
25731
24912
31718
26488
26912
24313
39997
26081
31945
24103
26037
29283
44362
25580
41620
24754
25455
31644
25653
25840
26003
24948
26043
23897
41668
25224
41816
41551
43707
45323
28006
24395
40465
26125
24535
48020
44529
38950
26061
39119
27026
24679
25585
24726
39662
26641
25067
39634
26386
48240
40247
35193
45884
39611
39976
24344
25611
39534
24970
38886
40402
46350
46452
25536
30972
25166
41411
46113
42265
26522
42382
25666
41060
25348
24249
41357
46782
45652
50295
24842
41914
33032
114671
26128
26136
25528
26417
39981
83835
25886
25410
25306
25229
27622
25642
53370
27207
25390
110360
41454
27250
58381
79749
25260
41154
43915
25603
39883
26036
40406
24314
42896
25149
28396
24751
24828
47866
29440
25524
47045
25052
34684
39527
42027
31611
24661
40354
45039
24415
39287
23817
22722
22944
36580
71090
23376
24715
42651
23817
32061
44296
24038
35004
25647
233928
129127
24986
48634
25363
25037
25740
25374
84594
44331
25512
47649
23883
25088
25793
25200
24371
25896
25857
31912
24172
27035
24430
25243
26823
27737
26919
24966
25592
39974
25689
42032
23808
25045
27064
25341
25322
25688
25200
25937
25035
263659
25127
24630
43756
25294
25676
25190
25904
23799
41269
87858
25239
25159
24413
29656
24407
25337
25927
25787
52237
27593
24029
25230
25186
24253
40437
24525
24737
24762
25585
24462
75854
23698
26347
24943
25540
26010
24859
23805
26627
28427
23939
39986
25984
39862
25578
23546
25284
24728
29294
32340
41968
25671
48499
47334
25674
26526
40767
25137
25936
25056
25790
25949
25091
41045
26592
24249
55247
24129
26530
82920
28609
23651
25652
26094
25579
24288
27575
25780
25136
25607
25549
24481
24587
24602
25182
156494
42870
25340
32233
25519
25875
25799
25752
24580
24294
25178
88973
173000
25142
39200
24568
25372
25687
43567
32914
41031
25188
42879
37576
31005
25191
38953
41540
147508
41279
24686
25897
36232
33607
25781
40969
25211
40191
25187
36063
25924
31605
24187
39329
39151
28539
36650
39668
33865
24020
23799
23623
25029
30732
28703
25945
61668
25501
26074
50192
26199
23429
25458
25749
24776
24665
24740
24181
24071
25976
26074
25313
24190
23673
25043
78282
94701
24319
24412
24459
26333
25528
24428
24047
31133
25387
24214
23916
24924
41064
25679
31838
24708
26444
24289
27629
25065
38625
24669
26192
25603
37293
24240
40217
30482
24902
30682
28937
23214
26609
46273
24531
24086
26132
26393
24997
46378
24746
36461
23295
50362
25269
24926
25300
25939
25050
25449
25193
81683
25302
25339
25457
25086
24688
25042
24012
22900
124508
24401
32463
25684
23959
84801
25639
24467
24070
24414
35306
23732
23158
25190
25748
114087
24735
25459
39877
24466
23850
23075
25994
28496
23180
25102
24532
24133
25927
24397
34548
22996
24521
23564
23767
24096
25497
28874
33596
64418
33547
24578
25458
25371
25621
24472
24976
25457
24713
33835
25598
24354
25530
23429
25933
24395
24519
24865
24124
104421
25577
35255
24880
25026
23651
25084
36618
23668
31666
25117
26729
24305
29809
24846
23690
26516
31793
24919
25885
35254
26008
24314
24202
24887
23804
23846
24728
24646
48319
23746
26751
24393
32896
24246
23622
25189
37592
91663
24932
24589
35033
24586
32968
24876
26761
29942
24588
23494
106685
25007
26024
87451
24762
22535
24549
24924
25992
79757
24004
23545
25089
172870
29889
23355
25062
25569
24160
24069
25704
30756
23711
27614
24986
25381
25853
23314
25539
25674
24552
25112
27184
39547
23265
25397
24941
24594
25099
25071
25229
26359
25919
32570
24963
42639
117366
25368
25019
24539
24799
25558
24366
24902
25677
24530
25735
24572
40223
88557
24581
23349
25638
27560
26545
23468
26030
24289
25433
24258
75570
24938
31587
25535
23906
23944
24226
21978
29629
23018
26949
46289
25156
25217
24204
25685
29920
24289
43271
24049
49995
24782
25397
38855
114848
24520
24693
24988
32335
23939
122505
23251
25523
24577
24817
24406
26235
24780
52702
24017
22886
30400
26182
163372
40242
23758
35337
27586
25573
26252
24639
24908
35626
34989
22587
23426
32629
23604
25377
24774
25532
29039
25429
25365
24834
24065
23354
24610
25138
23493
25138
29400
25345
42333
24140
24718
24996
33860
24454
23702
26679
25793
25434
23608
24126
24527
26246
25063
34160
39826
90383
25823
39705
30902
26617
28341
91399
24605
40183
27111
26668
25508
49828
25568
26125
24481
26679
26234
40190
26407
27021
51531
25834
26049
26205
24346
25801
34033
81153
25502
24531
43398
33399
26142
24773
29470
27228
26198
25540
24092
25980
26156
25074
24178
26537
24376
26587
27017
24501
52813
26095
50618
24591
25154
26227
29230
25611
111791
25823
25405
26775
42438
24081
26380
131264
25230
26409
74509
25392
26004
25855
27574
24829
25861
25714
48614
24565
24418
26004
27130
42444
171465
25648
24811
25194
59716
48537
24939
88212
44018
57313
24992
76293
26352
23542
26138
24669
24967
25496
24071
26500
24680
25272
25580
25899
23592
30434
23601
27107
25065
30686
106431
93273
23084
25180
25820
25285
24360
25381
25531
117568
24387
24424
41351
43909
47358
24161
25050
54044
23594
29929
25842
24063
25185
23873
39288
25411
24565
29673
24847
25745
25319
30817
25012
25120
24795
42396
25107
25715
43032
33768
32228
42524
41845
41996
25765
25980
24479
44206
43040
30661
45540
24800
24254
26043
43871
38334
100936
25218
35817
26928
39274
36195
42351
25944
45195
44020
25072
36190
26691
43242
53794
43927
43549
44719
43775
33058
29303
55931
26635
44392
43381
25411
25758
24583
41654
24760
43570
42817
45504
25503
30397
44397
44811
46045
24932
115524
36258
43618
47755
41782
25863
46218
87235
24719
41437
26136
23697
43211
31954
42396
44188
29850
42573
98873
50497
45615
40266
30374
25224
41554
29313
44116
25707
24031
46881
47890
44868
32724
46065
42476
24082
42057
44220
25228
42628
32636
24655
24285
26241
48766
36967
201332
24152
23927
23981
23414
23586
43442
46812
39516
214835
37313
38094
55151
35315
52112
50031
59424
38943
46317
36980
35720
51052
37031
35518
121387
36006
37505
36916
57384
36672
37435
34940
97824
36212
36231
41127
41550
51368
41273
57384
56160
98714
53188
50946
50842
37593
42234
52527
37286
37683
52630
53246
36924
36354
63358
49036
37447
37383
37337
35973
53782
37580
38729
110371
51759
44509
60807
83107
37392
59691
38288
37068
36292
120192
36445
50540
37687
35688
42818
43742
52269
51219
52823
38871
126650
51605
47702
36273
53259
138325
36602
143668
51418
48607
38091
54974
37636
35611
61445
52316
37065
38892
53147
36333
37227
123530
36909
37725
38037
35619
51193
35515
37561
36125
36468
36478
63435
37628
119575
50365
53248
50693
40464
53267
52248
51352
36948
50202
37130
55300
37394
51562
60487
41921
36263
35508
35126
51964
49478
37344
50739
51265
145425
136947
37674
58232
53942
36036
50681
53801
53074
36589
37462
36744
48161
51180
44609
43925
68102
36503
60910
124068
35455
55419
36944
37400
36912
113401
36919
36470
127630
37669
35433
53230
36337
37181
36061
35307
40808
35052
37868
37072
37628
47571
37741
49703
37259
51856
37088
51851
60852
36220
52507
59769
51528
37373
36365
46337
36738
36410
64295
153561
51731
108089
53318
46240
45526
41093
53687
37104
89699
35375
41223
37586
61036
37438
37755
42280
35856
42307
35264
39949
36822
37452
34636
52235
36932
135117
52114
52180
52390
52384
41908
50817
55455
54739
60900
63023
135001
73057
74041
35259
35274
37863
34494
41098
37121
41727
44333
37373
37638
37355
41315
35486
52439
36436
53893
38000
38741
36864
37104
37710
37056
37227
35996
37526
45853
193958
37371
52077
36069
37243
37185
35207
38372
148062
36700
38982
37989
37898
36288
36311
42813
158069
51087
38742
35663
36630
36834
47652
37304
37284
37509
37041
45224
45167
37239
36994
38024
38392
200447
36159
44022
48152
46657
144153
37127
86480
74123
42822
38318
37684
38464
36992
36066
84252
37357
37598
37314
36990
35548
36667
35953
38098
52171
145605
36018
36541
36346
36390
35571
36299
36379
37252
34571
35204
52547
36023
36108
34214
36656
50612
35697
35963
58372
53729
34777
201254
36376
189990
37883
38236
36247
35899
37594
36764
37450
36068
37892
134184
36093
119583
37975
36387
37275
147562
37983
108597
67778
56638
36942
37201
36695
44509
34880
36680
36777
36251
38577
42748
38213
35554
98976
34557
48019
36967
36912
36348
36762
36519
36395
36824
41745
37589
62769
37278
37192
36221
37629
37404
37050
35960
99862
35731
37911
34510
35184
36610
36897
37614
112143
36463
35430
37298
49854
36368
36437
36400
36293
35672
36113
48050
37704
37094
36665
36293
35662
158049
37171
41736
36909
36092
35788
37481
48196
36019
38046
44874
36230
43168
35927
37981
35710
37213
35819
108682
35085
36100
35882
55428
37618
47333
39183
118162
36402
45499
38219
35157
36224
36618
106466
41006
37175
36221
34876
36946
35990
41888
36305
34738
34765
34151
42581
237056
43423
37379
36869
36453
60518
35081
38035
35655
36412
37304
47454
44430
35969
63784
37272
37600
36383
54124
51752
35470
38394
37742
53166
36911
51143
36801
36353
35059
35916
37379
36282
39143
35742
38615
42553
37062
36044
44358
34772
219637
40748
35160
45819
40264
37131
37358
36843
35647
36782
34553
82427
46871
50313
46466
36392
35982
36769
36210
46512
37019
54632
36902
35949
36720
35418
109431
35168
111627
36584
38464
52716
204718
36142
36426
35468
36317
51270
35750
36903
110367
36416
59350
36011
35684
44610
36220
35441
37350
36067
37719
35863
49439
37061
36276
36660
36325
36067
45515
35387
36303
36691
101153
41421
36390
36747
35558
37054
35904
53612
35894
62217
35355
37172
35013
36878
35135
36820
35675
44321
35048
36037
47200
35078
46550
36146
68797
25187
25637
25902
76847
33778
25170
57651
100396
31524
23622
44638
25565
26489
61383
23788
82524
52182
25475
25932
65202
29865
26013
67537
25502
26067
24998
24626
23887
24902
55640
25416
24063
25326
24987
25413
47644
25904
24865
68638
25715
24751
24645
25120
23577
101149
41463
23692
24150
26846
25431
24850
24050
25062
25222
172078
24250
44169
25129
25486
125761
24400
24317
96134
24793
25493
25426
52413
24704
61981
24920
31816
105703
24194
68380
25620
215542
25561
31784
55134
23174
25871
31302
217551
55472
25442
25841
25599
24749
25475
25673
78786
202796
26118
25671
52976
26004
64656
25107
99293
25634
24516
94856
24740
24854
24083
24604
25426
122106
24661
24590
25486
25535
33947
33101
26303
25437
46745
25793
23969
26102
24470
25632
25322
42775
26371
25460
24779
25012
30674
23010
26020
118915
25572
24128
22648
42154
185486
23767
24993
39111
25952
41905
41596
41753
25941
24708
25251
41350
41804
25779
92425
23697
26244
24707
24138
22764
25414
25305
24744
43993
23443
25361
25717
23536
25741
25970
23985
25352
24917
41579
24900
27563
28552
25358
25035
41151
25254
43485
26411
23461
24885
24556
41489
40835
55640
25865
25344
146697
155779
38848
36084
41677
25660
51152
100070
41011
148757
25322
26289
24745
37481
153499
47496
56553
25548
65179
94230
39716
25934
105058
25691
25398
35628
36702
24515
25220
45243
38944
94422
56347
25005
39337
30037
24267
41001
25936
110640
24969
25391
24278
153394
24927
31081
34733
40658
26615
37496
22884
25469
23273
28110
30186
25542
24916
44560
25135
25504
25526
26559
24620
26046
26741
23888
26110
26180
26898
26835
25733
27151
25492
25506
24735
25475
24169
25976
41685
24810
25175
25143
24975
24107
25279
25060
208021
25713
25750
40614
25955
29083
25668
24138
23380
26063
24164
162310
38316
25477
25018
23798
46057
24407
26232
38393
23592
27588
26594
28403
26669
26072
25759
102871
27345
25159
30033
40725
25100
25574
41820
24358
48812
25994
23887
25372
26476
25495
25656
24972
25093
24890
98863
25189
25563
24727
26399
25973
32685
23044
24471
26839
25117
25858
23225
25260
23237
95935
25321
25860
101614
23767
56001
26038
24834
36095
26084
46042
23510
25720
25527
25530
23160
25332
24181
25774
25911
23371
24584
25809
25868
26747
25878
24642
24591
25312
29371
26244
23373
23088
107254
25734
24943
25581
24292
25959
24900
24329
41047
25920
26375
24415
25183
25946
24021
26682
25640
27027
26105
44641
30089
25614
27264
41326
38247
39252
25120
25539
52071
27104
25863
26507
25537
40084
149869
25593
24729
24733
28885
29184
26609
25204
25137
24509
25346
41324
25796
42142
25457
25315
24131
26325
25139
34021
40121
36279
39969
42399
44765
26464
25268
29007
25264
25419
41062
42961
101551
25153
37879
40665
24793
24938
40405
26781
25675
25487
40586
26041
98248
25239
25483
43378
42062
24912
41047
30762
76201
32617
31903
25506
24769
40549
42738
40735
24701
40710
25861
33782
39186
32877
25490
26005
41583
23811
25296
38574
26179
23825
40587
29851
40593
88120
29853
39721
31565
25052
25230
26940
27852
24214
29533
48660
214595
24264
23704
26979
74055
25334
41690
23014
29210
22533
21906
37435
24021
42302
40438
24155
39516
24805
35361
41584
24346
25265
25546
25254
25371
40945
23816
26376
26332
41484
39467
23372
37789
47435
25541
37353
42205
25010
24023
23079
30776
23108
27700
27275
24306
25216
22841
24408
23309
25174
26208
25702
24628
22927
25072
25035
24639
24350
24037
36350
25020
25097
23314
25143
49420
25342
24625
24526
26038
24717
24870
25207
23548
25220
24106
23959
23432
36693
24733
25301
24558
24648
24559
24814
25417
25249
89286
23676
24619
25090
23635
23068
24848
24800
25016
43071
23050
25215
24126
35606
24715
23158
25174
31962
24510
25162
24122
24798
41859
25426
24012
26579
24279
23731
78750
25858
23554
103723
30593
25171
24650
25373
24399
30749
26109
24615
24760
24000
24649
34035
122371
24915
24094
25187
25085
23486
24035
25207
25940
25783
23680
84160
24077
24047
23579
24646
24358
24238
24007
24312
24892
23847
24474
25256
24575
24256
23779
24831
28774
28928
25264
24738
86270
23774
23524
26701
25131
24422
30730
25149
24620
23348
30552
25035
39557
35490
24187
25418
24853
24346
23773
24367
24597
25469
24544
25356
24409
24873
28544
26828
24530
25556
24006
30109
26711
24876
29416
25568
23562
25070
24121
25039
23450
25092
24457
23605
24417
26092
25166
23059
24221
23600
24468
85198
23730
23704
24420
25002
24049
24716
25264
25410
29959
25302
25098
24450
24139
24830
25234
24367
24655
24512
24628
24758
29688
24086
25289
26648
24406
24311
24216
26307
38985
24410
22897
24657
23716
24605
23604
25671
24544
24225
24288
24906
23916
23808
24319
24696
24339
24984
24805
24783
33469
23884
25258
25361
23763
24505
24891
25382
25188
38672
22888
24298
110830
23768
25485
25550
24578
24767
24741
25135
23954
23047
24824
25030
25173
31082
24603
36939
23907
24315
23615
31903
24281
32210
25629
25255
36502
24471
24215
24515
24845
23966
24884
22884
24161
25513
22938
23301
23142
24543
22338
23585
50518
26217
24619
181817
24498
222088
24545
23832
23321
98961
24059
23064
24848
23229
24928
23768
24601
25300
25019
25096
24527
25994
23765
23637
24778
24560
23799
26256
25682
25374
24112
24859
23410
117089
24282
25198
25335
25691
24487
26382
24341
25736
44205
77592
23623
22908
41748
25627
34950
22949
25165
24695
23834
36705
25560
126160
25064
26339
31432
25085
24459
25808
125971
25302
25089
25014
24959
24596
23647
25886
23663
26916
92299
25879
23204
49654
24883
24047
24588
24013
22442
41622
25058
24440
23481
22547
46282
24074
24425
24900
23835
23988
24067
23851
24657
24167
114134
67332
27764
25786
23847
40138
35647
42106
24579
26261
25292
25944
24226
25283
52356
23303
25738
25782
28194
26017
51073
25494
25634
25822
25664
40174
25367
24343
25446
74904
82915
25298
24936
51823
125698
25343
24661
27098
56542
23850
26602
86300
25751
37331
39778
25676
25979
24053
50573
25771
24635
25738
25696
24693
25220
25436
32672
24036
51615
26576
26401
26118
23917
46032
53160
25340
26240
35438
24896
57398
57936
25855
57422
25765
37706
37720
25941
25493
25608
25617
57855
26377
55147
222754
31093
26334
60843
23989
62126
57030
25234
43501
24018
26106
25662
23377
26142
25815
25927
26504
23832
26427
25449
25068
26329
24522
26097
24298
115443
24065
26272
25882
24206
26706
31242
52217
24923
26478
25507
24212
27253
44285
25623
67585
24586
23855
24319
38383
23896
24736
23405
23950
24012
24503
24811
25062
40430
25286
25969
26219
24480
25457
25740
46991
24579
23480
26406
28029
24348
31062
44365
24696
25708
25887
24906
26929
23192
27530
25252
29369
46425
25631
94264
25857
23741
24818
25736
25907
24758
25470
48291
92179
24370
25394
24040
141239
24761
29528
24022
39243
24219
40251
90052
26342
39926
25213
40501
45708
40710
26175
177438
23111
40667
40181
41371
39680
24398
42712
41841
40864
40139
95153
24037
39670
41721
25352
157245
27330
136587
26787
27866
59769
44693
25109
27124
42862
28018
43076
42114
65314
42497
38863
26496
42949
25054
25638
25156
40236
25466
25946
25506
41382
24810
48105
25039
35637
24935
46337
24955
26362
164530
26924
25100
39778
39754
39976
42909
57988
25938
26764
47597
41853
42749
40355
28914
30668
24854
26455
24216
39781
25290
147872
25088
40285
37901
24759
41343
28119
26034
24090
24138
28291
24876
24810
39126
26669
41227
29402
27590
41327
38889
25528
45219
29231
28119
26078
24527
25273
25370
26137
24815
32151
43235
42819
89956
25375
23679
25356
24659
25921
23467
24853
25417
23670
24532
24904
23599
25516
24213
39145
24113
33719
24270
43491
28940
30934
24100
40121
24448
41213
24054
25803
23554
25683
57455
24550
23334
34431
23853
28723
23049
39123
25097
24038
24815
28860
24421
24919
24966
23305
40191
52283
24138
24813
23955
22901
25816
23693
30137
24898
24105
23800
23519
23315
29618
76194
25523
25138
23992
32648
24362
22756
23490
41940
25634
24127
24578
25103
24170
24420
25158
30882
26103
24035
24595
24324
109131
25378
24635
24398
72874
94586
25036
26043
26242
24335
24681
24393
24944
23269
24808
23870
38453
25510
25548
23368
23250
25570
24073
103859
23294
25050
24256
26066
24438
39801
23248
24348
42379
47329
125971
23869
28844
24455
31098
41253
22552
45528
24400
24356
40456
34120
40348
26742
30597
24783
24343
43384
24835
44832
24099
51175
30789
45378
38206
41647
24735
46625
24204
24075
47549
28585
31753
25627
24396
25002
23282
39237
27516
24582
39170
39652
24227
39572
24879
44107
40864
52192
40024
25420
24050
24450
41956
24200
40610
38371
40162
41681
45589
35564
39210
40502
36625
29566
25205
23506
40418
84011
24119
40554
114483
38362
27365
24258
38814
24433
24896
39358
23866
23974
39323
40565
29562
39223
24329
25235
40280
26226
43964
39658
40027
24954
25200
28863
37674
24879
24389
41634
24493
25040
37383
36016
42183
40800
42103
24564
24152
41449
43894
40236
41943
41151
51872
25728
24714
43976
38840
24645
40424
24892
38383
43162
37140
40235
24109
59768
35591
25371
23568
24007
22789
23972
26367
24915
22873
24659
25590
24524
38956
24382
24606
26030
24288
25253
41014
35704
48682
117882
29087
36455
39913
25561
26416
31387
39141
28759
49815
37025
23755
24224
29316
27736
22749
30804
25473
25562
25342
47743
24398
26160
25623
72771
23049
25029
24037
24220
24660
25491
27178
33198
25846
32941
25737
26698
26324
25262
25397
25319
24650
25076
41685
24648
24221
25678
23131
36795
24788
24627
23737
24198
24497
24529
23624
26104
25473
23965
24204
59817
57776
182604
26412
25511
24988
81685
25521
108508
25170
25689
25383
26579
25279
25277
25128
24805
25469
25266
23847
26528
37090
26433
36775
26456
25645
25938
24343
26373
24293
26626
23698
25711
24400
24164
26817
81917
43665
24161
25407
24665
24894
34972
23980
25425
35332
25193
23972
23727
25638
75407
24718
24574
25446
25543
23637
36941
45686
32477
23944
26910
25622
40099
25563
25305
26073
177101
26124
26595
26901
26428
25963
25303
24678
26886
23981
29148
36058
26824
25036
26038
24000
25001
24077
25905
25635
25079
36158
49005
24468
24473
24716
25192
26364
27800
27198
24445
26641
25631
25111
25617
25386
25252
24980
24567
25714
37022
25626
24614
90933
164914
25917
24293
26419
25285
24868
24175
26245
26297
25510
89610
24685
25874
25609
24308
24249
25776
25276
37667
27659
25480
30420
24785
34501
26018
25027
24676
25505
42053
24571
33906
25432
23826
25250
25093
24207
26673
24633
24905
24381
25184
24915
25419
24777
24849
25251
25544
32988
29754
24163
25713
24624
26771
86610
38614
23928
30283
35590
26016
25156
24465
25426
24745
23311
25411
35604
25576
25116
25518
24373
24783
25272
24992
24633
23645
24667
25486
83496
24487
23724
25728
24746
30954
24813
24991
24276
24817
24343
24526
26387
24612
24028
26186
24194
24466
24345
24499
24858
25208
24391
23942
34920
108025
76304
29692
29177
24800
37641
25306
37413
24723
33967
27704
24020
34102
23458
24315
22985
26550
24578
25620
24200
25165
24358
25200
43400
25063
116949
24160
33450
69723
25632
24750
25056
34580
24714
24661
37054
25337
24927
25201
25578
25625
23467
25434
24469
25825
24070
24660
26590
25472
24133
24824
24065
24701
25094
23735
23607
25492
73907
34352
24804
24913
24230
35339
24975
25707
24183
25048
24565
25553
24897
25455
23563
25550
45324
24071
23774
25444
25041
23734
26416
24358
82282
25782
25006
25148
26680
24775
25662
23789
33080
24749
24369
25603
24005
25751
24788
25169
24353
24320
23269
25037
23761
23849
23786
24622
23224
29451
25920
25828
23667
25621
24570
24434
27483
39579
36159
25703
50551
217209
23315
23767
22293
59408
24019
38972
25212
25254
25373
27189
57094
26559
24517
76187
41064
115325
23938
24917
25037
25275
165906
24453
25093
50959
112135
25037
44420
24415
37212
37595
51733
112170
24052
26571
23326
25276
25193
30658
24120
23594
24623
25706
23603
26206
23530
25682
23952
43085
24529
25638
24614
59392
24300
26099
25430
58746
59073
50797
100008
26441
25352
161608
26351
26654
24318
23304
24597
26678
24684
23934
25221
23629
25760
42803
24147
24129
25158
25345
25461
25856
23944
25155
49309
53421
51631
24521
79394
56155
24727
26558
25610
25904
67472
26955
25685
26416
25800
31304
54769
24869
26452
46814
25387
35414
24629
33325
50589
62971
26666
24890
25373
25774
25190
23888
25340
24717
51422
30814
50847
25354
24377
70925
29948
24064
24114
24947
64252
174879
25658
24795
58588
37818
23000
56653
63955
24428
24684
26810
26064
25877
50562
71586
99693
25664
25192
25782
25621
27094
23918
25727
24287
25521
24008
25225
39924
42245
25667
23804
24842
23795
24995
25889
23322
26022
24276
24333
25299
25650
24309
26918
25557
24698
40868
25431
92314
54271
24784
24094
24999
46096
26864
92570
25811
104386
26149
26096
24957
24492
26632
24675
24526
25170
24777
25251
41219
24205
45755
29546
23440
23411
25294
42043
24914
24861
40024
40799
25102
25306
24588
23808
25702
25796
24213
27268
26003
25431
23787
25801
25803
25388
38382
25973
38258
24167
24615
26126
25572
25373
23599
40169
26434
24391
25052
25147
104428
23762
39967
40836
46266
25505
38727
25547
159149
24367
39846
24327
29205
24829
25055
31275
24862
40760
24923
43707
39455
25867
23735
42651
29766
44918
44512
50454
26240
39155
41111
26280
43182
34830
62388
31226
41235
42214
25060
25634
46787
25496
25269
39578
25006
25958
25639
42638
52169
38346
24744
26436
52670
26042
26563
24176
23211
29365
23930
51718
41724
53687
23754
42522
24363
30713
41482
24556
26784
24098
49375
41227
34904
39994
25753
26524
29601
40676
86093
26991
25246
25790
73239
26176
25502
22811
25118
25232
23797
26005
25765
25671
24983
24950
24809
38135
26036
23978
24423
25241
24985
47135
23570
45007
116134
25026
151873
25351
81492
33530
23733
24798
25405
25371
24126
24354
25141
25616
24445
24732
33195
40084
25056
24963
24996
26255
24136
26062
23692
24917
23827
24104
24964
24972
24621
24624
39074
23840
25233
54307
24817
25636
25199
24038
39355
25823
155189
25913
24497
24090
25589
23763
25089
25389
40273
84785
24694
23460
24722
38972
24015
40417
76428
24033
23842
25679
24283
43899
24460
24396
25643
24443
24990
26609
25015
40152
25215
88372
47193
30352
24051
25267
24653
23834
23713
24942
25386
32211
23286
26214
40284
23991
25026
24871
24259
50943
24919
25905
23261
33585
25708
49814
22960
25733
24370
25894
24377
25790
23941
55940
24820
52515
25735
25985
24274
26354
24874
25921
23754
25117
24469
25180
23947
49435
26444
40537
46800
31290
24790
25243
101292
23971
25636
24939
25380
23516
23952
131859
23875
40569
24723
49483
44739
69649
44391
41699
43195
25918
46286
26939
46803
24748
42683
39322
40254
40861
45249
41597
39997
25033
41951
24934
24625
23141
41091
39610
25148
28758
25165
39566
22988
39755
51435
41061
40459
33988
26952
45982
39719
43854
26103
29641
26085
40125
41494
49870
38625
24930
24359
23182
38006
25059
24414
25617
40786
29872
40884
46824
25093
24943
24478
42147
39769
39973
41143
25262
40040
32538
44255
43872
24252
42853
25880
178207
25026
24397
25149
40009
39796
43523
31646
31831
37744
25906
24556
41320
24358
25540
30090
85474
39701
40917
24098
41228
28614
23233
47152
23362
37484
28399
28710
32088
24009
27762
24475
40160
37247
36445
32436
30825
24229
40361
39132
26256
23297
29798
24383
24398
29602
37713
56845
22738
23149
22474
24834
46667
38049
40533
29817
39087
24147
24628
23553
34373
25172
24487
24223
22924
23082
23960
32753
23750
28965
26869
25104
24922
24060
25605
25289
24990
23596
24239
24660
24613
23597
24924
24719
23952
25536
24583
24614
25409
38600
23933
24728
23970
24557
24447
31239
26216
24987
24693
23852
23555
24350
24718
83799
25537
24846
24080
23326
25070
25401
25003
24157
25272
24524
24318
34457
23989
70504
25228
24431
24548
25091
23737
25471
24923
24382
25094
24877
23840
24307
25078
24964
90807
24034
24477
24315
25601
24956
24609
25678
24808
33254
24962
23615
24817
24067
24327
93141
26145
24457
25348
23364
24800
25612
23886
25247
24490
23582
25142
23471
24370
22939
24467
25352
23893
23953
24064
23948
24344
23744
24743
23994
24414
24389
24093
22749
25325
34153
24963
23759
24111
22658
24658
24392
42119
24040
23746
24320
23648
24334
24682
24204
103465
24386
24586
24666
23944
59215
84573
24462
23874
24144
23805
24374
26736
84270
25051
25592
24675
24201
24555
23825
24501
23484
26314
24359
24743
38689
24470
24542
22864
23296
22751
25094
25043
24517
29244
24009
24670
24140
25278
23166
24894
24244
24436
24133
24140
117248
25044
24474
24814
24794
25252
34278
24135
22694
24921
24958
23278
40379
22590
23875
24503
22680
23637
24018
23911
23593
25106
23622
25195
23849
24646
23341
24073
24175
22900
24076
25051
21977
25139
23708
23780
24833
24269
23510
24073
23338
25005
24862
24899
24385
156888
41846
23349
23905
26044
71578
24269
24026
23750
24136
25701
24335
24167
24259
22113
24220
24590
23473
24690
24499
86280
23928
23296
24786
41573
23736
24226
24293
25270
23370
35572
24741
23830
23831
90326
22730
24266
82252
23672
24357
24517
46754
22860
32904
25039
24243
24358
23105
24292
24003
40193
32527
23896
35497
24028
25787
23584
24412
24256
23742
24538
23364
23032
24532
25256
24503
41926
24068
25072
42114
25100
24510
25093
33203
23549
23608
22968
21393
23317
24045
27122
26224
24671
23484
37362
23493
24630
24170
23904
23246
24971
102918
23671
22010
23678
38245
22065
22069
23999
36933
32601
24473
26741
34655
25281
24237
24801
24417
24690
24714
25078
24376
26118
30731
24965
24034
24762
24010
25024
24323
79521
24205
24567
23573
24689
117820
24670
26808
23428
24556
25325
24378
25037
24757
92198
24737
26440
25045
25402
25195
24903
23188
23527
36838
23536
40518
31834
24192
38251
47722
35132
34222
54054
24887
22750
22542
24693
22238
24369
32321
24033
33915
22884
26010
25114
24851
23901
24349
25467
34543
24628
23878
23802
25427
23905
45027
26596
31465
26388
31950
35003
29754
43140
80276
55952
40650
25730
51084
25439
25069
25607
25669
23964
30797
25741
42465
30983
47118
25503
25000
23807
25586
43096
25020
147515
24771
39572
140429
24165
40142
30791
29034
26932
57180
27027
24355
25565
50300
31005
24309
42172
30811
23228
24892
37392
35295
28428
56759
68934
24648
29834
25060
26270
24339
25169
25234
25215
29437
24376
24862
24917
23746
25654
25193
25561
26607
24487
40007
24653
23085
32978
27001
25815
23575
23221
40533
23664
51322
23396
23792
24533
74495
42641
22788
28085
23770
29373
25538
25406
25876
25752
26515
25152
24887
25805
25552
23817
57344
23936
41066
25184
23675
23826
43147
24736
39626
24975
27235
48061
24828
29431
23786
26751
24942
25407
24997
23532
25642
25053
24981
24725
23226
25146
24654
41135
25276
25715
62733
24508
24194
51066
41777
26849
86984
24700
24345
29223
23611
98527
25167
26191
24168
25209
145593
25683
24560
24439
24374
24814
25831
26070
39974
26321
24061
26052
27221
52990
40121
40095
29471
25511
25141
25660
23354
25112
24765
23682
25825
24884
23712
42513
45749
45597
40237
28953
39104
24569
29685
29447
40311
29500
25090
25706
30438
29761
23100
24780
25059
25492
45314
41451
25824
40171
125422
24280
37974
25679
40160
39700
23953
25313
41279
23147
24706
25222
24664
29445
25623
23097
25438
25373
24698
25022
23590
25304
24968
23809
24220
26135
25493
24279
24711
27040
23854
25504
24569
26517
38621
24977
31551
24175
24400
41540
25886
39672
24899
39924
38462
24950
40988
40005
40418
45494
25330
37079
26335
24812
24677
40002
24151
39733
24503
24507
104237
26251
25019
26215
23116
34071
39175
26077
25889
41394
24443
39188
29335
38235
41968
32421
25848
24948
39550
24492
24542
25041
24683
24876
53450
34050
24669
36135
24078
25249
43613
24668
32513
47221
24019
29928
22015
22507
25897
23699
24213
23063
29422
23790
38134
40367
23270
25604
26374
24222
29616
24850
25118
23591
25518
52289
24603
45189
24651
25153
34456
24983
32019
24836
25157
23963
22817
27150
24442
25135
24505
77422
23838
25082
25525
24626
24323
52394
25200
29172
23261
82364
41102
25373
40506
40897
119320
24671
24883
25609
26140
46639
24858
26296
37752
25718
25551
24518
32409
26820
38546
35594
39031
25704
25356
43379
35804
31017
40864
32260
25392
41468
26248
25981
24476
24563
25919
26403
24491
25756
47880
25471
24978
26219
25593
24684
25943
92729
25870
24307
25930
25604
25890
25872
25694
26103
26087
26345
24887
40253
25460
25909
25205
25447
24907
25116
25395
46502
24858
25185
24015
40288
194606
40123
26069
24743
25778
29272
24716
25734
24364
26146
25736
23827
41492
26436
24397
24983
24954
25348
27060
24948
24469
30774
36891
23726
25852
25099
26811
29485
25542
152496
28483
24211
38910
26306
38427
23775
38634
24540
48028
25372
38622
37185
26286
26408
25615
29406
166121
39865
40470
24975
42648
25297
24964
39178
73953
24533
24037
25213
24547
23785
23252
24467
40256
24734
26144
30708
26269
133295
23364
38398
24250
26300
40153
24532
40558
25015
24976
23935
25174
33441
41440
38730
25960
45656
41235
35848
25130
24543
47738
102840
25241
40480
42347
24621
24024
24943
28895
183837
43906
51844
41406
24817
39257
32652
31688
29189
39118
38971
38248
24942
24984
25659
167082
25293
37139
23975
24741
26155
24424
94346
25403
24956
39739
39349
24976
48384
24590
39834
24443
24925
23945
24412
24017
25918
42378
24058
25437
23523
24370
25663
25051
151536
43392
24047
24940
25402
45125
25378
24865
26641
22800
39892
41428
26579
25543
43241
25983
23918
26801
28014
25253
27438
25656
44122
30246
24484
26824
25234
36345
26211
37487
25433
25480
85028
23864
30328
24756
24283
25072
25417
24734
25680
24385
24506
25428
25886
35546
23113
22947
22350
40192
24087
72889
52450
27281
40108
26433
25110
31098
25346
24407
24322
24525
23304
24575
24133
24881
24009
25121
25513
24825
25154
25409
74260
23639
25233
23770
26119
24837
25255
24454
24920
23898
26087
24894
24963
37475
25089
25198
157684
25660
25723
24438
25200
24803
25210
24108
23794
25295
37869
26477
24384
25408
25552
24989
24517
25680
25564
25174
27643
24415
25285
25988
42700
27718
24625
956621
42183
44996
42572
24424
27494
30986
25769
36110
24443
25502
38207
24873
24799
24397
25923
24149
26355
24054
26132
24678
25076
24643
25119
23782
26190
25408
24580
23790
25747
93439
25116
37146
32273
28258
26586
24572
24865
25148
24671
23394
25899
24108
26084
26170
25806
28479
25521
24453
25758
25024
25409
24828
24807
24408
117817
24746
24993
31548
24621
24876
26025
24313
25704
25795
78823
26203
26109
25796
25866
45679
23395
25143
23775
23314
23378
22907
25580
24263
41324
25649
26074
23728
24858
25207
24665
26157
24939
24199
26846
34133
24877
25449
24589
24926
25540
24872
24029
23560
25922
24195
24919
25303
25733
25053
25059
26265
25893
32652
25435
24201
25199
25914
110888
23817
26827
26175
30976
97997
24338
25627
26152
24790
24373
24582
25860
90187
34375
24983
25375
35187
23890
25081
25622
24462
91348
25263
136261
23590
83812
23595
29303
25775
25776
23559
26236
24978
25246
25034
73569
24839
25179
23711
25152
23937
23202
25017
25900
24559
24493
26248
23381
58346
101705
23953
25320
25451
36180
25231
24962
25464
25292
24859
25639
35022
25759
39826
40584
25116
25701
24740
24485
25620
25778
24379
26138
25695
25383
24898
24406
24436
25695
23061
26030
24873
31798
24148
25680
25984
103423
24260
23082
23508
24673
24865
25740
23851
25328
25921
24973
28173
25055
29618
23737
24554
87691
71467
25545
24874
25496
24269
32232
25639
24342
25609
25065
41574
22593
34453
105982
42358
30981
25639
86256
24821
24990
23667
24740
25426
25922
24114
24939
25314
25376
24538
24829
38705
25347
84166
44173
31522
25313
25191
25954
25867
25142
94152
37034
24386
23604
25189
24273
25383
24321
25715
25196
25242
31782
24524
97834
34950
23832
24323
25624
43434
23668
23198
24596
23710
24527
23971
24120
29130
24879
34446
124687
30161
24152
24907
25599
39863
24669
24102
24205
22063
24950
24852
25643
24334
22602
24827
41104
25593
23683
47600
23859
24968
23348
24923
24394
24444
25598
24000
25773
24507
24560
23916
39736
23115
25214
24799
123251
24184
24734
24155
23562
24635
25195
24933
23996
25705
24466
22988
97461
23066
23825
23909
25072
26267
25926
24257
25060
22964
25097
23702
25088
23339
29665
25627
24625
24814
48785
28927
33577
45652
24931
44583
23951
24794
26176
25705
24401
30589
107968
23431
88984
24745
24432
24284
25807
24184
25311
36101
24463
40609
33181
24926
32079
39332
30888
24937
24872
41066
24125
35238
39567
26277
72537
42800
40391
24261
24371
24340
195693
59723
77718
41040
29970
26352
81805
58880
67651
90486
27248
24900
25829
40474
26649
23810
26364
25102
24685
24817
26689
23885
26471
25345
25462
25629
26035
39552
24205
24815
25483
25716
26595
79360
25227
41910
112595
25744
53740
104093
26208
40427
27297
37742
24463
25842
25733
24938
24552
26023
24981
41853
25108
23350
24317
24769
24194
25961
26621
25401
30409
24126
25469
40617
267698
25407
53279
24897
32268
25458
30391
45821
25441
25227
26300
42619
53840
32010
32440
158197
25921
80347
26265
25456
124297
23867
25723
24817
28673
27238
64659
45479
25853
26069
25097
23942
24452
26052
26328
24857
26693
137340
26551
27095
27316
25617
33218
27034
26612
57364
52764
47185
25682
23907
26102
26551
25711
64332
52653
26719
38805
26423
25168
27865
24797
39158
24354
26562
26062
26180
25921
25625
40610
26355
26650
25002
26558
25894
26374
27164
24639
24631
26275
26292
25557
56353
27360
26839
27594
29527
27203
26325
26841
24514
26814
24911
26059
24963
26345
25946
42623
26852
26310
24890
40661
26449
30913
23873
28405
49087
26298
26404
27285
25076
24029
25883
24277
23484
31103
31223
45033
126345
30131
38890
40782
25292
24620
205843
23710
24767
40244
25675
24344
24572
40812
25314
41647
26077
40659
24724
39534
38098
45407
25358
24958
42127
26938
25603
25678
23555
25599
24818
25364
24611
117439
25951
24763
40267
25124
181706
25535
37759
25891
25365
24394
24142
25621
41457
24342
25156
42613
34781
46235
109847
43804
25076
26575
82357
24530
29232
25294
25290
24736
39929
80390
24809
37232
42872
25575
38414
45311
30521
26549
37417
25661
32234
50289
31996
90972
26215
40828
25621
26010
32509
44128
25211
23767
25414
26674
26695
24499
25889
24376
25599
25939
25722
26400
246564
23723
22858
22448
23747
42191
30578
32191
32897
41452
24497
25406
40570
26409
26381
25655
25941
25738
40803
26321
44220
25095
23901
24979
25461
26978
102458
42248
25218
40104
40119
41434
25585
26214
26898
25601
41391
23547
26154
25694
24746
192060
28603
25116
39551
26716
24372
44459
49684
38061
167547
24923
24846
24564
163593
23293
25669
34339
25153
23844
25882
34985
24261
42585
24082
24812
24775
24769
23395
54303
24588
111345
24135
23654
24769
23264
25006
25187
24613
24755
45070
28192
25056
232837
25395
101159
24309
24031
41048
25655
25096
26691
23670
25403
44851
26270
24130
25287
24085
24798
23754
29516
23445
25578
22876
26296
25923
34795
38709
23261
24746
25006
90385
25204
23973
24497
24161
39864
53629
29501
90805
30308
24705
24461
37056
24037
23272
24877
24363
22979
24168
25317
23698
24915
24831
24872
25436
29420
24304
24818
29335
24091
24764
24089
24336
23653
24057
26721
24171
26502
24962
25191
24399
23814
22572
24428
24808
23929
23112
24599
25484
23811
24585
32074
24950
25974
24686
23983
25454
26069
98787
86271
26130
24447
32629
23973
24610
24893
30634
25357
24941
23555
31647
23159
24406
29129
24230
24020
23256
23429
24665
24169
30279
32838
24911
97861
24111
24624
25052
24966
23515
38402
23610
24630
23787
24389
22724
85457
24091
24081
33114
24908
30048
23807
23275
24906
23496
25983
24004
25269
24047
23301
25458
43185
24414
24948
23400
24496
123299
24036
24084
24989
25535
43460
25025
88804
24344
25737
23209
24452
23581
35620
25093
24520
23309
25669
24645
50529
23520
25437
24657
25064
23683
23944
24491
25014
24514
23546
23939
25138
25023
23924
24005
26416
24264
83933
33698
24248
22518
25832
32173
23229
33057
25524
24329
24035
22762
24525
24834
26256
41467
25635
24678
24099
23567
25476
34119
23589
22947
24402
22819
29541
25452
26057
25156
26787
24202
26538
123894
24417
45386
24876
27831
26505
25723
25629
25862
27078
24916
26303
24764
25502
24908
24432
25947
24101
25968
25187
31380
25684
36275
192400
24186
37731
23085
23702
44312
25468
24749
50929
25140
24089
23813
24988
24407
46312
25028
23866
24984
25165
23696
24631
24512
25286
24160
24198
23487
89595
25480
24986
24415
24492
22682
36761
23493
22372
25981
54736
24334
24460
29054
38761
25110
25463
23422
38744
46400
23184
34934
38891
24620
28808
26087
23840
24466
26706
23955
26778
25188
25225
31050
24850
62409
24524
24310
24657
23516
25473
23296
24641
25182
23881
25006
24497
25005
23119
38071
24217
37844
23871
26648
24816
33019
25592
23367
41562
23866
32790
23409
31215
31617
37429
60444
26218
41241
80708
24757
25006
22615
23036
22463
23094
24602
24485
25964
24955
25146
31513
23468
24686
25184
26454
23900
23582
23548
22593
22565
24127
23282
24082
24938
42058
40048
35635
23912
53075
24349
23822
24427
23387
47667
25317
25662
24063
23788
25445
24536
23753
25089
24764
25271
24773
24193
26747
25398
24293
44253
23169
25269
24182
25282
24982
25888
46509
25847
31862
25717
25264
25212
35117
26994
26252
25329
25636
24961
26330
23511
83932
25170
43929
25672
62529
25382
24870
25273
24618
26117
43762
30863
24141
24726
26232
25880
25338
24591
25354
25142
26389
25649
25131
25412
32397
25946
25641
24006
24897
24093
23668
25353
25403
25626
25996
24481
24731
25003
45336
61582
25488
25641
26512
25412
26441
24332
26670
25695
26413
23541
27291
63999
24933
26805
25687
27068
25491
25912
25203
39536
25117
24603
26306
23932
25633
24122
26231
24632
25531
23895
25940
25879
24913
24039
25060
34143
25613
24730
25294
22845
23227
23017
23219
24746
26927
26187
23915
23176
35172
23732
26105
24049
24435
24956
25404
23691
25471
24856
23965
24831
24316
23977
25282
25105
24306
25156
25231
24268
25459
24433
24853
23777
24817
40784
25454
24639
25430
25585
25072
25237
37444
36724
24674
25478
25252
24719
24334
23873
40456
25048
24529
23621
25010
35995
34029
25244
34042
23701
23843
23386
44954
24219
24472
23978
35617
25314
25697
24171
23758
25618
33451
26337
24953
24793
172571
24186
25488
24226
45942
24604
24174
24788
25618
68621
25466
304057
24851
25400
25552
25857
23961
24892
25682
25976
25664
29097
42929
25288
64314
25039
24581
23639
25221
33000
24120
24497
63085
24408
25558
23438
23010
23880
23889
25691
25618
26643
24448
25290
24868
50667
25922
29832
24809
24308
23988
24207
24254
41044
26007
24645
24317
25553
24196
24673
51986
25017
25071
54155
25623
25185
63145
23679
26600
25016
25463
30308
30709
25437
38325
24632
24381
22650
42602
24681
23806
23977
24912
58697
68071
25236
25015
48979
25333
27452
24811
24515
22986
23159
24829
24328
25540
24505
25331
24385
26025
24843
45552
24909
24141
24646
26711
23186
25102
24980
25018
23964
78639
24606
33731
24199
23300
24366
25158
25082
23816
24402
25665
23271
38078
25976
24752
24427
24862
24461
25318
23939
25710
25654
25139
24520
25207
24333
45831
24042
24129
25087
25738
34544
31593
24027
26162
23532
25256
48473
25349
25925
24119
25771
24863
24751
37680
24458
42969
44982
25312
46277
25215
25219
46079
67544
23303
24033
24507
24730
24908
23367
23506
25070
23630
267237
54000
24789
24747
26039
44301
32869
25354
24486
37241
95486
122945
24949
94352
25966
25936
26644
61054
24699
36927
26816
26480
100342
25863
49657
26077
58848
29895
41337
81341
24475
24272
24179
34171
57926
40537
25133
24151
45873
58233
24948
27200
26027
35034
25890
28043
80454
193240
25501
26216
41950
26596
44784
47602
26329
25606
24809
23514
26230
41166
47420
25119
25169
24251
24339
36979
74406
46663
42979
59434
35760
74551
24541
27193
101583
25424
30950
53814
23551
99298
105363
25327
24906
26401
23988
25416
48886
27037
25666
24702
24713
26639
33789
28777
24001
25070
34650
26141
25013
25241
25010
25040
24769
26195
25066
24538
25468
33461
25953
66218
32165
25115
22980
26708
44445
25319
111925
23971
25378
36180
23407
63547
25956
23397
25782
30855
24870
26019
93794
44535
23829
44692
48445
24414
57997
39257
25734
30463
25658
48231
24426
24959
23371
25459
47425
37469
25403
25638
24064
30363
25793
25763
45555
26427
50044
68839
25155
25780
23367
63346
52065
24460
25603
37088
24903
24574
24420
77712
39312
26138
23651
25324
23691
22989
25772
24749
22574
29881
45699
24116
25127
25510
24208
48019
24409
53722
25165
24412
23807
25529
24484
23711
23292
23888
25730
24439
25293
25155
24598
24732
26646
33158
25684
25297
25512
25372
25081
24983
24989
25747
24558
43906
24943
25449
24623
24962
25303
24403
24712
25725
34052
31582
24317
31414
24052
24824
24914
25803
63613
24855
25637
24225
29603
26634
24066
25534
25767
29297
25569
35362
24010
37921
24996
25357
24234
24110
23183
25349
24065
38146
39056
34785
55696
27144
32326
39222
43031
52488
24562
25331
43364
41887
24069
39550
63318
23482
25203
25490
24263
25791
58897
24935
34044
36405
38902
25293
23972
23436
25894
24894
25117
24582
25256
23530
27151
25047
30775
25125
32752
26132
80034
78039
32566
34531
58057
72555
30999
25799
25739
26496
25900
24561
23701
25358
152106
68189
37619
26143
24825
25079
26448
25217
23272
49639
24210
23762
34817
23020
22631
27004
25358
25398
24850
24832
25215
31461
31189
25857
24349
26118
25639
25230
31160
40163
30171
44902
24311
24269
31407
24150
24093
23245
24593
24910
23218
26507
42605
24608
32536
24813
24844
25282
25240
47417
24143
23422
25259
23738
25684
24654
24295
25222
25260
23775
23181
33859
23417
24867
24981
25312
23815
25616
23768
39543
41636
23799
24602
24045
26423
25254
24534
25496
49146
23963
24863
25032
25501
25222
23253
23963
25585
23661
25822
25571
25248
23780
24345
24735
25594
37506
48459
24511
23687
48296
50709
26136
45632
39544
25111
24371
25585
24278
24358
24382
23992
23884
24721
25560
35562
23473
25620
43506
23839
25228
24150
26061
24551
25270
24569
25333
25501
26058
24598
24798
37031
24548
23997
25502
24913
25291
23672
50796
40533
24226
24633
24850
53080
25607
35573
42099
23599
22034
27125
26362
25425
35909
24820
24389
23111
25712
24257
24721
24939
24852
58649
24423
24548
24506
33805
50785
24801
23944
24865
45264
24009
24256
33797
24869
24612
24638
24160
25424
24963
24609
23986
33798
24483
24310
96067
50390
25010
30328
37681
25118
24216
23884
24449
25033
24266
25092
24316
24737
25110
24299
23241
23559
47389
24237
23255
24926
25822
37993
24023
23778
35673
24976
24577
82046
74824
24993
56324
24084
23783
24350
22622
67188
24593
23916
25773
25011
25967
25349
24484
24444
24151
43617
24045
25019
24758
24687
22349
23539
25606
25620
55880
25582
44338
25435
24619
25642
26145
24694
24617
25005
25037
38131
23666
24588
28209
23294
80613
32755
23768
24614
44239
24792
25388
46027
23190
78593
24288
24235
24266
26010
24138
23148
24528
66957
24889
33027
24189
31371
24483
24323
37790
25338
23748
25160
25821
24993
35701
23338
23732
26110
24491
48028
23297
24784
25085
24260
25783
23299
25353
24542
24429
24715
24642
23331
24704
24968
24176
24478
23528
25306
26364
24593
23722
35172
25187
27594
24220
25424
24072
24617
24363
25026
23852
41092
26383
31914
24220
24711
23529
26773
22728
23612
24179
28392
23673
34382
26019
34577
23072
22681
23859
34878
24208
23895
22792
23785
26545
25707
23409
23722
26407
24665
22880
23765
23666
26843
25551
25558
23403
24155
48324
23825
46083
36203
33656
38742
24366
31733
31960
24684
39710
33457
36347
29042
49074
23672
25279
25390
76931
24613
24149
25353
24461
23145
65552
26002
24572
24284
25270
40404
24895
90267
24006
25560
24772
24818
39220
36439
26144
25860
24391
25649
25507
23755
25898
52833
24782
23839
24418
38412
24931
25231
25414
25120
23803
25954
24917
39004
24280
24458
23549
25274
42159
25541
24659
29114
32287
23636
25405
24923
25748
24698
50629
24053
24485
24463
25468
44792
94143
54169
26529
25288
24582
25358
24304
24273
25068
25191
53246
43496
48646
24683
25463
25686
25130
34945
25398
36968
32210
25692
23806
41818
25471
24748
22939
24438
24692
50392
39401
26825
25380
25154
46503
24480
24420
23199
24370
37907
24146
48760
23191
29174
26165
23366
25214
23356
24113
24495
23979
23678
24559
26556
23688
24956
23911
24956
23254
23025
24213
24135
23829
23606
24284
24377
22672
24923
23796
24242
23440
35951
24355
24606
22509
25805
22396
36648
47967
24794
36743
23585
31049
24813
37073
23848
22946
23744
24480
24265
23816
25905
50245
25541
23215
24968
24356
44220
23522
23427
50039
24282
24880
26103
24915
23544
24267
24503
22524
24552
37083
29239
23704
24892
24981
24951
46361
23572
48650
23989
25042
25031
24304
24948
44029
24303
36684
37034
34984
24458
22551
25863
24313
58980
24569
24867
22618
23007
22865
25775
24658
24193
24904
24082
25105
23750
24623
25029
24501
25224
24077
23584
25445
50552
25093
23751
23583
24386
24951
25826
58494
24421
22514
23922
41847
24230
65668
25351
24518
33416
24104
24470
23450
25786
25126
24378
37261
24706
41192
24991
24565
24901
24256
24729
29611
38607
24653
24494
24194
25292
24727
24182
25824
24475
25167
24131
23265
23722
23111
24940
22798
25068
32336
24875
23580
24861
24008
25077
23569
26077
24632
23245
22716
23485
28958
28417
24394
24775
23723
23840
25071
33527
35256
23318
24811
24473
23723
23091
24537
24632
23591
24356
22683
51376
24907
23617
33968
24916
31816
23755
24066
24596
23919
24625
23920
36721
24957
24336
23672
23718
40174
24218
24890
25889
43597
27193
24045
25611
25287
25009
22989
24063
22208
24196
21671
26483
40030
24938
23532
23479
25051
24618
72016
24977
24579
25139
24641
23497
24454
44855
23413
24754
24121
24689
24713
25098
41300
23975
24439
24074
24141
23558
24727
38487
22413
26608
24359
24128
24103
59629
43239
24743
24511
23707
24434
23919
24287
56604
24518
24221
24384
25049
37484
23733
23998
23024
22759
40301
24343
24693
24001
24759
24082
24791
23055
24129
21819
24788
23734
60862
34567
24909
23740
31811
23770
24309
23945
24848
24406
24274
25529
24719
59768
24685
23567
23454
24567
25146
36712
42177
24507
27500
23714
23226
24795
23542
48958
24930
23853
35237
24175
48331
39068
23891
24083
23615
24582
25576
32524
24456
24636
23314
22515
23654
57381
23348
30632
44500
22660
22299
22943
22499
22009
43211
22047
29431
24421
25604
24332
25128
24754
24114
35876
29974
26761
24997
24986
26497
24510
24750
24913
24470
23510
24543
24182
24245
23490
113161
22833
42884
24526
32935
24181
24938
23515
25656
24068
29053
23651
25552
46478
26663
46735
23982
31175
23195
29431
25236
24220
44023
30124
35291
23871
41704
23669
51296
51541
47714
25735
47790
24345
62743
23782
24080
24374
22642
43851
24102
21838
23086
35910
25381
62408
23598
25976
24499
26030
33086
24895
23985
26956
49468
54930
23513
23971
24317
31369
51585
28427
25362
23441
25492
25128
25975
23967
24862
22959
25466
23565
24334
89870
23363
25425
42069
25167
65033
24586
24997
37187
24072
25064
26535
25864
25881
40562
26883
25944
25974
25616
23786
26657
26894
25818
30991
24207
26178
25729
24191
64093
42141
25646
43557
24138
50414
28431
25938
25098
38289
24059
26681
91661
25977
25050
24764
26338
42955
24310
25584
26036
24375
23700
25604
26324
25171
23812
24466
25810
26288
31583
31275
24070
25545
24344
51522
25376
25162
25825
26507
25593
25063
29225
25778
56731
50827
23091
25578
25294
25352
24650
25517
24357
25806
24320
25690
24764
24296
25099
23750
24306
25256
24622
23658
24564
25859
24723
25493
25475
52792
32490
24865
62289
25764
23695
25153
26736
25835
25413
48446
54206
26196
25531
25643
55964
24443
23934
25652
23789
85176
25069
34959
27032
26072
25247
25931
25446
25209
25249
23748
25183
40593
24555
61224
24866
24432
40212
24208
103972
23725
24713
24825
30514
23842
23803
39325
23316
73865
24731
23699
99139
66794
60661
41162
25169
29908
22630
25567
22175
38790
24427
24394
24923
49060
25104
24756
26106
23850
41490
25890
24335
24219
38515
30080
24863
25691
23863
23968
25234
24096
40050
43922
23433
24055
68390
49236
24377
24987
29000
24754
23317
30006
24134
24682
24227
24551
22229
26342
25391
24696
70960
22865
23985
25237
24835
33020
23766
44178
25715
43741
24882
24919
24421
25257
24089
24394
25044
24553
22560
24573
24594
24526
24578
56510
24964
77677
57616
25491
70286
44133
24571
25855
42761
30418
44045
23608
29048
25014
23674
23889
43437
23569
26821
25002
23234
22989
24911
24664
23526
25722
25362
30734
22172
24296
21781
45653
24821
25030
25410
25015
70634
53460
41032
35952
53328
54930
50393
25917
48081
53211
24423
25469
23978
27431
24150
25180
24814
25013
23487
24839
26149
23932
24745
33074
25766
25303
24675
26879
25596
24659
23848
24850
25178
23885
24054
24329
24515
33227
23909
24040
25084
24022
45207
40444
31279
25153
29495
25605
22958
25008
24247
23485
24049
24636
22732
25734
25027
25161
25110
23089
39679
23705
24223
25019
24387
23208
24123
23843
24583
36545
24717
24977
22188
24306
24849
22950
24106
24295
24938
24583
23998
23517
25894
22993
25171
38339
24202
24036
22628
25499
25248
23088
24092
24332
30273
23447
23597
25067
21931
26358
36015
23841
22882
25504
23605
24649
24295
31058
34215
24093
22729
24428
24647
25062
22810
24927
23254
23428
23052
67860
21593
31749
22822
25854
29694
22411
22426
34555
46200
34881
29582
23800
25379
23947
40799
32583
22656
27490
22708
29004
23478
33448
23727
32108
21825
22865
35626
24656
23002
29485
23066
25362
23687
24349
23274
25135
24682
24848
24281
29240
29740
24924
23790
25159
30171
24445
22878
27151
24428
24554
23967
24691
22439
25100
23892
24242
22441
23583
24053
25233
24124
22435
22645
25063
24474
24915
25725
23844
24207
24130
23715
24579
25200
24603
23026
23186
39541
23591
22264
25400
24916
24463
23422
43813
23662
26008
24789
23392
23002
22413
34104
23319
22738
23856
22828
23866
23424
24067
24371
24614
24329
22742
23901
25561
23467
24493
24002
23703
43370
22882
26756
23965
24857
23836
33235
24863
23514
24800
22245
22400
23861
25855
25177
26322
29021
25414
23666
23112
35930
24227
25391
44605
23878
23521
23260
22576
24592
42612
23785
24395
24090
23594
24413
23834
22336
23131
22808
24923
28545
23356
24715
23946
24411
26028
39228
26116
41413
24372
62965
24540
46651
89709
24467
23535
24780
23129
24574
24136
23563
23736
24161
38642
33290
23589
24949
23869
24179
66388
169053
31736
24199
24556
22869
25034
23340
24485
23800
39413
23511
25627
24566
25202
24026
22095
24832
24157
24795
24921
22804
23412
37171
25279
23799
29579
24997
23052
59306
24243
24409
26071
23264
22639
25103
24521
25106
109735
24428
47222
25313
23980
25612
23412
23472
24617
22943
26412
23311
46569
24764
24637
41500
41070
23706
25616
23551
26016
42865
25428
22866
24495
24665
26553
24951
65483
24300
24467
24470
26287
24649
27024
24918
26599
29805
25501
57396
25332
24747
24049
50328
49062
24866
24908
39044
24342
64779
26225
35218
45965
26571
25912
25331
25013
24240
24494
23758
25588
37376
24460
26277
39711
39645
24081
24729
23431
25509
24365
42039
24553
84680
24782
24370
25431
23661
25094
24227
23179
25733
25371
23155
24638
24433
26058
24017
25466
24039
25365
23653
23575
69971
24110
31540
24716
24078
25517
24288
26358
25506
26318
23839
23296
24556
31503
23500
25192
23311
46580
24558
24348
23738
25766
24941
24325
23997
23936
24991
40820
25139
25604
26244
23469
26402
26342
29952
24012
23305
23746
29947
26185
25802
25401
25884
26583
25427
25844
25557
24881
25406
25780
26680
44404
25094
25925
37471
24051
24839
46554
24529
25648
25009
44786
27501
25832
39239
24463
24363
25087
37607
26957
26062
31092
72948
24433
26584
26470
38416
26556
36425
24731
25835
24683
36924
40186
24775
24229
24666
30017
24273
46896
24872
27822
43524
33118
25070
25270
26182
34133
48391
24815
24388
24383
52194
26353
24122
37418
23199
24443
24345
24914
24192
24168
48464
24849
24797
25161
25233
76283
35592
25565
28291
36160
24388
27216
25392
25647
24837
38433
23480
25663
23664
26822
25451
54836
24940
44757
24200
24047
26236
37029
24876
24945
39009
25246
29976
25978
25869
28061
26292
23923
25597
25738
24812
24070
25623
25772
23704
25603
23795
24792
24757
40394
24337
52148
26228
29160
24539
23785
22617
24520
24905
42922
24927
45977
24793
26461
44679
45200
24739
25389
32603
26501
25263
25786
25199
23845
25238
26372
24678
26234
25057
25417
39791
25477
24508
40253
25086
59143
24988
24159
25211
26150
24099
24973
24684
25794
26288
36174
25016
25139
39154
27235
24884
25190
26199
25699
24472
24688
23853
24687
25675
40398
25395
23455
25077
24937
23879
25217
24941
25866
26724
32642
23918
25101
24929
24521
24743
25203
24920
25084
24683
25243
25029
24487
25175
24650
25500
34514
24061
25913
30629
25434
24192
25964
25058
28409
24339
26412
24183
25280
61351
25444
99504
24628
66655
25351
23823
39531
24929
39632
24666
24307
24680
26245
24014
25574
24497
25331
24682
38531
24528
24799
23813
69409
25296
23972
25541
25165
58353
38956
28235
26140
24906
25254
25372
24070
24986
25112
24095
25617
24261
24429
25738
25234
24162
24237
74021
24829
25212
24169
25301
26114
24712
41924
24702
25378
25283
25686
45130
24915
24450
29087
24770
23608
24898
23773
24537
24374
25831
24110
24969
24879
25580
24835
23611
25168
36718
24259
25408
25861
24822
25817
23750
23756
25241
25177
25773
24993
23441
24814
25291
25754
56313
25167
53735
25118
23798
25986
24813
23409
25157
24648
25418
25379
25175
24903
24439
25577
24634
24939
25175
25251
24520
25328
35448
58227
24636
24183
62573
25416
23988
63452
25952
26533
25788
25292
25337
23965
24634
24674
25747
24792
25887
25195
24472
25005
25778
25360
24679
23183
25144
23321
71695
30083
25586
25388
24756
24348
25951
24947
33663
25394
23369
24217
22578
23304
25004
27066
24623
25004
23854
25380
25339
25050
24973
24123
34479
25488
31433
52179
24593
121898
27632
23666
24544
23217
24363
25231
49576
26234
35049
22675
24016
48261
29184
26736
23915
31260
38940
28011
53059
106721
23457
25244
25409
24886
24807
36469
50940
49854
54902
26092
25438
24946
26092
25380
49334
23411
25134
26510
24773
24316
25706
24613
29308
25204
23732
25698
24302
24680
24269
43195
45593
25035
24426
24482
26331
47531
25167
26469
24826
25658
24178
26861
25204
74908
23937
61482
26717
26601
66618
36445
44988
25479
46595
24999
23954
46147
23923
26088
45471
37436
39488
23745
24591
25347
44440
52893
24631
26334
25281
25803
41620
23997
26324
24392
30336
26575
26768
24922
23315
25723
59420
25058
24058
48374
34474
23660
25842
26511
23769
68413
53829
25498
24622
26350
49732
23920
26649
34030
29667
25280
24256
25523
29349
25741
26604
47324
24037
37441
25260
24591
26156
24304
75194
60420
26511
25067
24467
24057
25227
26188
25515
24175
39473
48697
25273
25944
23746
37358
46921
24247
88836
31265
24858
25901
28568
32786
25955
24967
25348
109819
43844
25762
45891
25214
42293
24789
23116
92851
94089
26037
26180
26821
25068
32846
25409
47516
25883
25490
24732
24317
26016
39085
24729
25827
23076
35030
49740
25426
77489
25603
37772
25282
71292
83920
44656
25694
23901
26473
44438
64455
24160
25136
36022
53448
29356
25926
23304
25926
25554
44956
25701
25381
24113
51208
48545
25631
26430
27184
24927
23987
24633
36691
