
11047
5074
2981
2492
2304
2302
2287
2981
3754
3105
2589
2310
16873
3531
2393
3676
2640
2954
2456
8499
3244
2474
2881
2424
3220
3659
3218
2892
3137
3340
3278
3774
3284
3155
3448
2850
3498
3237
3122
3063
3207
3237
3098
3136
3149
2704
2515
2616
2439
2488
2380
2383
7425
3383
3947
2418
3804
2411
2868
2646
2801
3696
3292
3091
2892
3423
3603
2401
3351
3006
3657
3451
3652
3150
3274
3187
3248
2954
3292
3433
2731
3227
2599
3535
3377
2863
2751
3714
2732
2717
2936
3454
3204
3226
3404
2696
2917
2769
3252
2521
3447
3473
3149
3425
3526
3002
3131
3169
3062
3062
3234
2689
3291
2480
3261
3070
3159
3086
3774
3358
2355
2301
3111
3393
2683
2874
3803
4015
3086
3132
3248
2371
7874
3459
2521
31931
2513
2160
2124
3037
3177
3200
3115
16813
3183
2274
2301
2249
2216
2136
2084
2109
2481
5519
9167
2460
3545
2655
3482
3815
3314
8671
3608
3313
2676
2415
2817
3205
2801
2379
2921
3239
3057
3351
2346
2635
2987
2478
3330
2764
3471
2355
2843
3171
2426
3172
2390
3840
3535
2681
2980
3422
3313
3377
3674
3111
3497
2858
2334
3641
3344
3730
3280
2583
2528
3302
3147
2471
3472
2376
3028
3236
3388
11139
2520
3581
2782
3352
3208
3499
3229
2394
3921
2404
2836
3298
3276
3249
3154
18296
8094
3211
7519
3107
3182
3273
3330
2475
3615
2578
3090
3399
3207
2979
3667
3575
2391
3173
3333
3210
3214
3215
3417
2962
3055
3346
2608
3272
3367
3727
3212
3103
3100
3311
3239
3475
3149
3706
3699
3107
3405
3409
3128
2868
3225
3412
2740
2401
2933
3269
3471
2556
2347
2236
3150
3243
2742
3114
3240
2654
3022
3094
2570
2482
2284
2323
2811
2889
2598
2760
2396
2205
2517
2748
5435
4108
2946
2300
3773
2408
7641
3688
2438
2697
3518
3579
3653
3111
3762
3520
3514
3850
2413
2399
3390
2363
2886
3281
3369
2476
3496
3163
3610
3588
2687
3789
3446
2946
2941
3418
3363
3403
3797
3321
2632
3620
3088
2485
3350
3464
3428
3043
2429
3563
2514
2353
19040
3246
3667
2393
2522
2375
2513
2320
3127
3335
3441
3009
3911
7780
3095
2439
3177
2419
3193
2476
3473
3415
2320
3175
3193
2344
2972
3260
3067
2355
3295
3481
2741
2311
2225
3261
2664
2843
3402
2295
2953
2440
3122
2271
3109
3350
2290
3228
3033
2883
3127
2566
2979
3161
3455
2602
3093
3498
2998
3069
3241
3228
2362
6963
3149
3167
2593
2643
3075
2340
3148
2676
3089
2675
3101
2989
3317
2838
2729
3309
2201
3067
2213
2328
2876
2161
2194
2459
3604
2986
2684
2247
2141
3177
2247
2298
2853
2552
2469
2742
2924
2132
2470
2635
2500
2764
2396
2295
2555
2730
2668
2889
2451
2277
2409
2423
2380
2132
2352
2346
4851
2607
2201
2250
2192
2114
3689
2757
4661
2889
2562
2414
3204
5135
2537
2182
3867
2580
2422
2483
2214
2159
2862
2374
2609
9495
2426
2244
2628
5311
2562
3529
3745
3639
3276
2384
2696
2778
2486
2263
2800
3012
2176
2139
2315
2477
3179
2921
2475
4891
3320
2323
2143
2869
2670
3083
2153
2574
3101
3440
2642
3030
3543
2830
3006
2790
3324
2275
3098
2641
2564
3137
2804
3719
3026
3595
2673
3011
3000
2748
3659
3429
3569
2339
2177
3278
2853
2639
8155
2221
2453
6242
3178
2981
2920
2562
2712
2508
2906
2713
2289
3535
2990
2235
2700
2219
3296
3117
2308
3274
3266
2420
2566
2496
2287
3389
2393
2357
3191
3282
2678
2298
2922
2183
2669
2820
3039
2551
3157
2663
3044
2345
2893
2758
3395
2367
3015
2519
2556
3135
17482
2443
3039
3235
12583
2226
3695
3117
2914
2788
3052
2651
3226
2698
2240
2121
2984
2528
2412
7182
2980
2186
2929
3181
2698
2964
2434
2169
2276
2511
3312
2336
3111
2533
2523
2121
3298
6934
2437
2526
3104
2297
2543
3194
3600
3166
2498
2549
2860
2220
2479
3694
2643
2372
2005
3419
2532
2059
2376
2458
2164
4498
2287
3557
2517
2663
10023
3778
2413
3672
3101
2363
3547
3121
3738
2478
3397
3375
3282
2508
3326
3047
3278
3245
2376
3541
2604
3482
2839
2267
2073
2057
2178
5052
2578
3733
2450
29228
3549
3513
2851
2696
2487
24195
2428
2290
3031
2344
2639
3031
3670
2930
3235
2330
3527
2436
2726
3127
3285
3135
4013
3223
3452
3237
14643
3734
3152
3301
3426
3239
2518
2904
3174
2828
6225
2671
2344
2644
3017
3373
5425
3578
4018
3287
3856
3627
3785
3357
3189
3354
3632
3437
3544
2524
3358
3922
3751
2655
3593
3824
3688
2427
3601
2537
2592
2704
3394
3426
3421
3152
3404
3096
3297
3600
3657
3206
3363
3491
2703
3795
3348
3049
3291
3118
3476
3338
3078
3901
3406
3312
3457
11115
3320
3270
3222
3236
3241
3372
2560
3564
3257
2429
3341
3470
2442
2938
27099
2519
3179
3425
2939
3119
3666
3682
3237
3281
3278
2383
3180
2823
2841
3147
2488
2346
3165
3074
3088
3184
2882
2340
3154
2634
2931
3156
3368
2266
3132
3589
3060
3458
3736
3330
3368
3385
3306
3378
3217
3531
2416
2230
11671
3465
2651
2541
2575
3120
8505
2993
3057
3251
3317
2986
2780
3808
2384
2397
3205
3175
3330
3213
3250
3062
3211
3338
3301
3347
3069
3067
3063
3005
3043
3196
3352
3377
3367
3212
3165
3474
3494
3261
3138
3191
2480
3210
2527
3203
2409
3264
2387
3326
3121
3090
3817
3489
3083
3284
3554
3133
3106
3095
3546
3493
3337
3273
7648
2389
3244
3364
2786
3093
3631
2958
3019
3457
3154
2589
2650
3005
2899
2209
3095
2366
2155
4860
2705
2658
2443
2660
2606
2348
2357
8071
3629
2363
3041
2584
3442
2430
3107
3262
3873
3103
3524
3258
3484
3524
3444
3214
3245
3398
2360
2600
3114
2564
2998
2311
2449
2930
2154
2098
3510
4958
2635
2336
2251
2305
2617
2402
2469
2203
2686
2414
2511
3818
2114
2126
24814
2110
2136
3203
3284
2666
2336
3393
3788
3147
2362
3291
3319
3335
3686
2605
3565
2336
3719
2469
3615
2794
2593
3044
3017
3257
2923
2556
3103
2415
2371
3192
2799
3069
2443
3142
3265
2558
3135
2313
3042
2558
3717
2448
9164
2664
3238
2946
15739
2507
2934
2772
2292
2358
2779
4823
2564
2189
2257
46664
15538
2479
2967
2413
3140
3944
2445
2587
2940
2291
2226
2096
2441
2872
2314
2738
2677
2322
2652
2309
2236
3518
3576
3206
3206
3096
3088
3143
7723
20815
7308
3471
3346
3369
3514
2865
3151
2766
3817
3344
3355
3503
2396
7197
2459
2323
3437
2555
3035
2363
3194
3385
2365
3012
2598
3647
2407
7416
3193
3262
3308
2738
3065
2922
3011
3387
2485
2526
3023
2820
3245
2772
8731
3330
3635
4016
3407
2707
3631
2686
3115
2562
3374
3391
2420
3467
3722
15900
3117
3710
2636
2402
2680
3903
2671
3336
3550
3334
2518
3469
3711
2541
2423
3248
3481
2741
2667
3373
3504
2443
2526
3650
3804
3090
3144
3391
2494
3048
3089
3393
3241
3117
3411
3226
3012
3403
18225
3460
3136
3395
3083
3081
3286
3143
3305
3143
3183
3282
3842
3220
3132
3144
3238
3595
3373
3514
3183
3166
3044
3262
10123
3429
3095
3330
3459
2546
2322
3460
3508
2478
3860
2526
3497
2585
3445
2550
2513
3337
3196
3688
2607
10929
3055
3151
3098
3339
3279
3431
2599
2657
2810
2792
2903
2454
2595
2569
4734
26638
2666
2433
2727
2448
2330
3800
6563
2370
3660
2761
3273
3311
2859
16398
2288
2351
3370
2726
2320
3263
2734
3870
3137
3334
2493
2355
3087
3492
3264
3443
3227
3139
3553
2961
3095
3299
3475
3347
3325
2592
2406
3598
2472
2594
2926
3536
3023
2799
3786
2868
2989
3638
3187
3202
3120
2798
2499
3414
2781
2338
2451
2167
2223
5628
2857
5189
3462
2746
3178
2645
3878
2440
3147
2674
3509
2621
2309
3238
3510
3152
2719
3160
3247
2871
2950
3174
2984
2990
2960
3314
3010
2556
3321
3006
3063
2389
3069
2388
2357
3079
2716
2710
2903
3165
2865
2688
3142
3200
3008
2644
2951
3003
3323
3030
2316
3230
3423
2488
2543
2900
2756
3443
2435
2938
2882
3168
2637
2303
3214
2434
2557
2970
2925
3288
3267
2960
3215
2940
2647
3280
3365
3186
2922
3341
3542
2891
2856
3015
2969
2733
2304
2826
2394
2627
2639
2108
2405
2191
5385
2281
3073
2278
2249
2117
2273
2978
3289
2497
3446
3332
3104
3011
3367
3216
3262
3175
3096
2709
3485
2560
2904
2917
3382
2506
3332
3620
2976
2899
2667
7550
3191
2380
2611
3104
2859
3234
3345
2417
3260
2368
2767
2676
3424
2415
2916
8334
3324
3228
2667
2445
2312
3141
3491
2972
3263
2835
3129
3335
3768
2384
3125
2499
2752
3371
3120
3419
2813
2831
3320
3256
3474
3146
3276
3187
3396
3006
2742
3303
2418
2352
3157
2961
2320
3199
2486
3141
2425
2663
3110
3044
3157
2806
2362
3213
2999
3097
3290
2627
2331
3330
2454
3211
3034
3244
2970
3056
3395
2393
2480
2991
3293
2928
3247
3508
3448
2800
3417
3652
3014
2430
2352
3065
3257
3090
2982
3208
3044
3003
3524
2962
3367
3531
3235
2825
3227
2834
2998
3536
3001
3048
2868
2964
2834
3071
3112
3248
3304
3011
3346
2915
3022
2940
3311
3268
3223
3142
3427
7233
3426
3334
2996
2907
3234
3423
3260
3008
3082
3324
3306
3039
3067
3306
3040
3449
3125
3139
3107
2920
2913
3531
3204
3328
2852
3404
2613
2751
2616
3127
2309
2362
2504
2394
3491
2553
2468
3745
2327
2478
3159
2376
2632
3425
3035
3249
3593
2486
2325
3314
3302
3416
2367
3297
2981
2637
2957
7751
3769
3330
3248
13502
3362
3700
2941
3251
2583
2988
2629
3303
3233
2596
3148
3172
2585
3277
3287
3048
3223
3163
2461
2325
3233
2693
3420
2770
3166
2997
3163
3195
3657
3549
2328
3277
2357
3644
3515
3156
3320
3374
3125
3293
2604
3319
3125
3707
3147
3175
2878
3091
2942
2412
2291
3399
2945
2474
5410
3927
2525
3500
2380
3448
3335
2821
3120
3151
2858
3594
2475
2389
3454
3276
2794
3372
2526
2342
3387
3499
3244
3848
2543
3442
3490
2402
3152
3290
3329
2754
2954
3145
3181
2588
2927
3504
3195
3075
3308
2457
2258
3161
3291
3189
3238
3122
3574
2426
3403
2767
3113
2335
3349
2373
3022
3590
3151
3328
3365
18904
3048
3209
3395
3377
3109
3160
3099
3216
3246
2438
6247
3164
2646
3785
2787
3392
3011
2846
2327
3736
3578
2326
2704
5704
3215
3045
3100
3579
2952
3569
3187
3143
3522
3464
3194
2772
2953
3402
3250
2943
3183
3554
2847
13389
2812
3514
3166
2440
2537
3257
3052
3814
2403
2434
3175
2356
3072
2570
2650
7015
2699
2319
2217
5052
3752
3239
3403
3125
3414
3530
3139
3809
3818
2430
3594
5393
8447
2999
3590
3208
3624
3293
3383
3309
3517
3401
2980
2872
3170
3327
3542
3143
2682
2343
2636
3582
2464
3044
2720
3436
2333
2483
2587
2253
2622
2393
2310
2311
3234
3394
2907
3055
3322
3199
2361
2371
3065
3250
2629
3263
2518
3643
2378
3105
4568
3464
3656
2497
3628
3355
3342
3452
3323
3481
3201
3140
3377
3251
3419
3735
3460
3361
3385
3265
38418
3464
3822
3134
3427
3350
3265
3228
6427
3491
3176
3320
3427
3514
3468
3506
2630
2259
3731
2486
2878
2408
3386
3012
3667
3465
3396
3337
3865
2385
2341
3392
3672
2436
3618
3628
3671
3262
3186
3407
3584
3347
3569
3266
3802
3611
3392
3427
3595
3664
3281
3381
3378
3181
3657
3418
3824
3558
3358
3318
3837
3762
3425
3596
3505
3398
3592
3528
3620
3568
2649
3479
3399
3458
3718
3495
3317
3760
3590
3405
3475
3440
2503
3401
2442
3703
3335
3533
3195
3692
3341
3425
3456
3499
2783
6815
3511
2488
9194
3411
3521
2662
3431
2874
3303
2825
3155
2726
3466
2967
2822
2411
4367
2292
2429
2093
2271
3416
2936
2455
3767
3358
3607
15154
2338
3566
2436
2475
3403
3420
3163
3024
2964
3485
2711
2516
3172
2431
2304
3182
3334
3359
2678
2227
3456
2350
2830
3268
3285
4016
3493
3342
3062
3426
3199
3394
3254
3156
3372
3219
3391
3161
3302
3118
3151
3407
3291
3345
3385
2946
3113
2474
3205
2985
3335
3122
2985
3175
3076
3059
21082
3009
3711
3027
3340
2893
3161
3048
2406
2242
3264
3193
3452
3315
3449
3166
3137
3254
3268
3435
2429
3358
7464
3033
3110
3365
2375
3025
3158
3129
3214
3188
3111
2972
3042
3291
2717
2661
3053
2966
2700
2176
2840
2123
4571
2650
2533
2299
2209
2576
2468
3120
2122
2301
2021
3972
2835
3241
2404
2786
3613
3246
2877
3222
3349
2382
2537
3407
3514
3231
2348
2486
3584
2867
2356
3593
2625
3374
3176
3309
3210
3102
3342
3390
3383
3527
3591
2651
2323
3428
2510
3266
3217
3496
3310
3632
2535
3565
3351
3487
2529
3108
3112
3502
2954
3249
3197
3441
2745
3160
3283
3305
11731
3395
2463
2504
3006
3306
3952
2312
2935
3249
2543
3286
2411
3201
3207
3235
3372
2531
2331
2313
18546
2585
2412
2223
2191
2519
2204
2831
2316
3557
2478
2672
3367
2494
3680
2909
3102
2441
2529
3178
3469
2654
3193
2973
3366
2712
2805
3447
3204
3512
3266
3014
2403
3016
2290
2464
3396
2271
2287
2021
5583
3728
3213
3691
3690
3755
2685
2299
3469
3102
2466
2613
2393
3204
2248
2567
3000
2283
8240
3862
3905
4567
3549
3364
3255
3457
3267
3054
2351
2643
2914
2325
2176
3200
2900
3586
3568
3359
2324
3141
3172
3130
3066
3376
3080
3633
3382
7451
3255
3223
3051
3245
3769
3302
3114
3382
6310
3284
2372
3151
2461
3563
3317
3287
2396
2724
2276
2891
2293
2582
3106
3564
3344
32842
3411
3228
3440
3514
3299
3720
3195
3221
3028
3392
3285
3543
3087
3343
3167
2349
2935
2328
3267
9724
3027
3551
3210
3220
3217
3186
3163
3405
6907
3500
3400
3131
3760
3765
3159
3920
2982
3257
3219
3339
24116
3131
3399
3723
2389
3397
3377
3385
3129
3278
3530
3285
3348
3403
3804
3192
3486
3330
3353
3473
3651
3372
3582
3949
3443
3186
3335
3217
3118
3343
2493
3303
8196
3417
3104
3699
3399
2747
3789
2741
3223
2370
2296
3146
2612
3038
3272
3726
3578
3174
3351
2318
2703
3105
3116
3311
2338
3322
3221
2550
3257
2939
2322
2664
3408
2940
3004
3200
2973
2934
2335
3332
2374
3020
3113
3407
3006
2979
3105
3068
7940
2382
3298
2969
2779
3110
3124
3511
2904
2848
2330
3285
2379
2377
2513
2468
2270
4370
2442
2591
3766
3233
2793
13550
2435
6556
3101
3273
2796
3153
3349
3270
3406
3388
2325
3101
3279
3276
3124
3288
3329
3541
3254
3289
3212
3730
2749
2528
7736
3486
3181
7618
2915
3125
3828
2505
3049
3103
3118
3275
3199
16289
17184
3334
3460
2437
2697
3332
3225
3552
3184
3082
3436
3219
3274
3421
3389
3199
3241
3158
3740
3236
3389
3499
3006
3569
3231
2866
3153
7605
9565
2392
3031
3364
3222
3245
2599
3334
2417
2927
2503
3713
2549
2298
2233
3030
3262
2341
3403
2460
3225
3287
7376
3501
2521
3083
10963
2835
3070
3276
2387
6610
3248
3271
2404
3070
3253
3088
3136
3573
3089
3228
3123
3238
3109
3017
3401
3020
2368
12928
16675
2180
2292
2059
2018
2358
5185
3013
2380
3456
3849
3702
3785
3394
3441
2486
3283
3866
2590
3494
3174
3109
2435
3177
2704
3371
3607
3346
2408
3566
2744
3842
3687
2404
3296
2602
3370
3551
3166
3538
2921
3448
3721
3348
3333
3172
3343
3390
3222
3345
3417
3110
3254
3548
3641
3607
3358
2446
3725
3380
3598
3402
3074
2684
3412
2491
2858
3532
3165
3379
2732
2964
3377
3484
3322
2614
3034
3094
3259
3233
2285
3132
2617
3352
3577
3909
2510
2303
3782
3132
3441
3103
2327
3261
2554
2457
2921
3038
3381
2729
2722
3371
3236
3395
3160
3485
3149
3502
2850
3359
2419
2284
3243
3400
3293
3382
3267
3549
2733
3074
3359
3243
3147
3382
2495
3192
3335
2631
3360
3145
3058
3135
3295
3337
3038
3369
3309
2499
2586
3844
3294
3289
3245
3379
3409
3236
3540
2373
3456
3373
3065
3381
3264
3107
3285
3355
4038
2555
3267
3521
3387
2444
3028
3335
3509
3243
3313
3234
3426
3441
3461
3349
16245
3258
3481
3418
3093
3286
3031
3089
2462
2570
2432
2342
2276
5006
3335
4057
2835
3532
2322
2700
2321
3799
3611
2748
2672
3332
3589
2429
7730
3174
3339
3594
3210
3560
2869
2995
3809
3226
3797
3241
3369
3233
2844
3224
3335
3192
2400
3134
3371
2253
2853
2580
2601
3185
2797
2709
2807
7089
2304
3622
2852
3071
2888
3088
2314
3598
2409
3412
3140
2696
2833
2854
2715
3317
3473
3423
3138
2964
3643
2782
3255
2719
8008
2594
3438
3316
2971
2713
7734
3079
2284
3210
3313
3438
2464
2213
3099
2702
2851
2362
3662
2768
2488
3742
3545
2455
2631
3618
3403
3153
3423
3203
2382
2518
3202
3510
2302
2836
2647
2622
3264
2845
2212
3013
2444
3395
2694
3192
2747
3305
2530
3235
2557
3230
2376
3315
3221
3060
3311
6318
11459
2842
2718
3424
2412
2627
3230
3186
3267
3036
3093
2322
3721
2289
2551
3236
3744
2297
2326
3056
3509
2254
2571
3147
3186
3043
3315
3265
3043
3108
3430
2713
2620
2236
3076
2378
3381
2780
2321
3369
2530
2179
3167
3376
2413
2742
3083
2460
2325
3421
3566
3477
2809
2917
3740
2706
2798
2984
2876
2850
3650
3639
2651
3280
2491
7404
3557
2536
3511
2378
2290
3202
3396
3095
2998
3474
3251
3440
3598
2853
2938
2272
3206
2958
2264
2252
2696
2899
2296
2455
2271
2023
4637
2466
2075
2148
2263
3529
2476
3503
2489
3375
3225
2345
2571
3079
3350
2320
3060
2375
3656
2351
2342
2993
3662
2413
2264
2841
3471
2311
3042
2354
3625
3455
2345
2889
3419
3681
3016
3183
3541
3717
3390
3299
3164
7547
2421
3350
3390
3429
3159
2451
2837
2991
3295
3374
2491
3206
3181
3031
2435
3040
2705
3470
2659
2650
3063
3303
2752
2362
3276
2910
2474
3481
2767
3273
3210
2721
3182
3320
2421
3291
2387
3388
2737
2331
3669
2389
2626
3162
3181
2719
3007
2718
3135
3360
2385
2917
2342
3578
2615
2813
2907
3473
3511
2475
6287
2993
3120
2624
2559
3017
2369
2879
3059
3223
3652
3263
2743
3509
3214
2477
2638
3491
3409
2408
3230
2984
3394
2361
2300
3204
3220
2454
2772
2492
3080
2400
2292
6372
2492
5103
2446
4062
2481
2435
3092
3108
3064
2758
3104
3104
3301
3019
2772
2453
3078
3500
2395
2890
3043
3068
2718
3449
2689
2286
3191
2275
3182
2501
3181
3008
2451
2584
3273
2615
2883
3706
3372
2807
3301
2552
2524
2320
2869
3008
3249
2321
3530
2765
2315
3224
3048
2548
3225
2342
3224
3010
3573
2592
2220
3417
2334
2434
3124
3055
3110
2768
3184
3587
2419
2353
3367
3206
2576
2629
2857
2951
3168
2318
2719
3114
3118
3408
2380
3347
2751
3182
2647
3341
2451
2295
3206
6915
3746
2737
3043
2280
3747
2495
2266
3453
3184
2803
2312
3159
2731
3306
2985
3241
2424
3144
2354
3136
2636
3298
3542
3276
2813
3173
3362
2344
2257
2948
2327
3205
3534
2501
3041
21835
2313
2702
3254
3338
2388
2198
2294
2749
2341
2816
2425
2496
4009
2536
2338
3506
2447
3474
2430
2866
3164
3154
3102
2677
3634
2386
3666
3256
3638
3107
3232
3333
2541
3212
3474
3134
2644
3046
3132
2943
3818
2358
2300
3257
3270
3383
3112
2377
3299
2434
3204
2420
3530
3583
3144
2737
3162
2711
3087
2442
2377
2329
2573
2426
4728
2679
2179
2526
2287
2150
2120
2190
2136
2012
2139
2547
2307
2166
2303
2236
2445
2357
2603
2379
3669
3437
3771
2889
3585
3359
3016
3290
2982
3429
3280
2338
3204
3085
2759
3607
3309
3211
3406
2942
3484
3019
3474
2866
3289
3187
3073
3685
3282
2776
3210
3318
3253
3298
3569
3463
3291
3417
3451
2429
3071
3234
3276
3022
3761
3418
3013
3815
3180
3307
4500
3794
3503
4153
3533
2666
2544
2600
2641
2911
2692
2342
2670
2298
2268
2396
2405
3175
2888
2358
2363
2597
2519
2380
2495
3575
3447
2534
3417
2446
2845
3337
3477
3858
3205
3390
3260
2794
2452
2462
2321
3294
2638
4027
2588
3805
25109
2452
2279
3377
3440
3208
3406
3240
3109
3366
3026
3168
3331
2449
2641
3264
2409
2301
3090
3344
3232
2907
2421
3778
2375
2445
3352
3409
2644
3795
2744
2365
3343
2440
3247
3412
3519
3304
3333
3562
3209
3305
3234
3613
3399
3473
3335
3336
3154
3565
3271
2481
3219
2443
3450
2563
3865
3335
3151
3393
2552
2470
3516
2866
3241
2466
3195
2942
3424
3275
2392
2648
3787
3334
3850
3705
3151
3304
3316
3372
10091
3309
3005
3408
3070
2804
3245
3742
2403
2453
3604
3131
3102
3547
2434
2338
3120
3329
2301
2517
3186
3572
2758
3224
3115
2267
3092
3191
2699
3466
2985
3204
2422
2319
3251
2303
3205
2524
2237
2977
3201
3541
3100
2387
3253
3037
2523
2770
2333
2293
2997
2400
2764
2209
5017
2783
2345
3016
2339
2340
2287
3378
2458
3397
3490
2521
3663
3771
10788
2538
2295
3478
2949
3097
2880
2992
2284
3330
2312
11141
3657
3240
3098
13694
2662
2928
2335
3962
2709
2298
3693
2495
2514
2563
3695
3244
13050
3397
3433
3181
2995
2626
3203
2974
3082
3350
2641
3183
2814
2310
3423
2381
2753
2568
3361
2626
2449
3172
3221
2833
3166
3361
2720
3593
3100
2941
3313
3215
2988
3459
2444
3277
3214
2737
2282
2690
3438
2781
3410
2658
3201
3596
2415
2221
2382
3284
2687
3028
2617
3217
2843
3572
2931
3267
2374
2298
3097
3278
2374
3027
3028
3265
2329
2875
2686
3318
2379
2618
2521
3230
2362
3373
2453
2527
3485
2934
3543
2675
3146
2956
3148
2502
3165
3899
2877
2640
3183
2894
2910
3458
2634
2241
3002
3352
2447
3147
2269
3200
3155
2589
3297
2636
3279
2738
2187
2117
2113
2174
2145
2130
2112
5309
2659
2642
3263
3099
3348
2301
2761
3706
3198
3313
2320
3342
3258
3044
3404
3264
3476
2384
2248
3073
2985
3508
2693
3413
2451
2565
3689
3978
3665
2358
2831
3176
3191
3201
3321
2834
3349
2509
3589
2452
2988
3517
2797
3092
3181
3031
3086
2620
2274
3369
2552
2245
3041
3595
3096
3341
2370
3554
2340
2255
2417
3512
2800
3286
2271
3075
3161
2244
2740
3258
3669
3064
2360
2293
3381
3120
2289
3098
2629
2468
2508
2894
3241
2328
2457
3226
3106
3580
2320
3264
3052
2310
2935
3871
3263
2286
3081
3221
2269
3026
3368
2558
3533
3318
2586
6974
3454
2307
3417
3115
2378
3156
2573
2548
2907
2226
5576
2263
2715
3109
2481
3106
2604
2170
3134
3142
2417
2175
3290
2480
2879
2474
3148
2247
2436
2769
3627
2353
2260
3167
2480
3556
2978
2228
2512
3464
2387
2450
3299
2499
3693
2607
2885
2220
3045
2179
2315
3098
3398
2254
2352
3266
2192
2891
5034
2719
3308
2509
2905
2838
2127
3019
2161
2150
3391
2603
3197
3077
3001
2212
3155
2788
2339
2167
2377
5213
2755
2315
2517
2156
2281
4336
2586
5445
3712
3425
3501
3255
3182
3141
2999
2722
2942
3098
3147
2771
3524
2183
3062
2241
3128
2234
2127
2169
2216
2989
2169
2156
2134
2191
2702
2959
2388
2216
2353
2043
2510
3415
2953
2983
3877
2212
3554
2447
3092
2978
2180
3635
3023
2347
2169
2872
3389
2636
2976
3119
3006
2268
2308
2956
2196
2946
3076
2253
2987
3166
2331
3366
2848
2269
2856
3367
2957
3244
3112
2212
3056
2819
2201
3175
2899
3172
2477
3069
2932
3270
3256
3060
9778
3288
3099
2394
6783
3169
2669
3027
3199
3099
3125
3119
2621
2928
2268
6579
2989
3054
2554
2907
2197
2983
3463
3048
2908
3073
2757
2954
3001
2916
2883
2265
3028
2189
2972
2246
2835
2843
2917
2652
2499
2977
3003
2244
3470
2930
2453
3564
2718
2163
2931
2964
2815
2845
2826
5632
3007
2851
2870
3024
2399
3066
2631
2231
2998
2686
2853
2511
2921
2152
3246
2520
3105
2483
2383
2995
2576
3430
2597
2983
2193
3415
2205
2619
2950
3051
2176
3139
2894
3001
2565
2952
2173
3247
3258
2468
2156
3139
3169
2194
2083
3157
2972
2461
2935
2573
3023
2232
2137
3022
2720
3432
3036
3273
3069
2215
2367
2904
2385
2140
7374
2503
3139
2765
2506
7701
2809
2670
2517
2961
2343
2449
2827
3201
2699
2157
2957
7397
2961
2208
2172
3065
3039
2575
3015
2944
3104
2483
3158
2632
2940
2230
2720
3079
2297
2946
2269
3169
2230
2338
3362
2306
2913
2218
2599
2426
2167
3139
2171
2436
2111
2453
4948
4229
2300
2567
2157
2366
159448
2665
3265
2500
3162
2479
2283
3174
2313
6222
2188
2762
2222
2970
3564
2629
2675
2809
2910
2669
2279
3117
2446
2137
2729
3014
2214
5954
3314
2978
2180
2448
3048
6050
2313
3080
2852
2175
3124
2176
3025
2336
3043
5656
2977
3153
2374
3138
2490
2307
2160
3009
2895
2762
3161
4548
2805
2293
2970
2242
2368
3383
3011
2681
2542
3248
6308
7490
2475
2792
2889
2413
8820
2988
2368
2949
2737
3118
2994
2942
2478
3099
2475
3111
2155
2151
5310
2437
2968
6897
3376
2550
3104
2241
3129
3054
2755
2811
2370
2988
2237
2337
3078
2352
3169
2245
2976
2895
2708
3006
2532
3030
2706
2165
2906
2154
2212
2983
3079
2714
2753
6788
2881
3290
2174
2488
2921
2263
2838
3176
2905
2903
2272
2585
2946
2259
2555
2892
3058
3045
2503
5402
2170
3293
2233
2347
3028
2244
5524
3025
2240
2134
3203
2907
2955
2243
3490
2628
3050
3015
2178
3767
3151
2511
2986
2635
3090
2877
3030
2248
2945
2423
2474
2697
2078
2908
2148
2111
2195
16932
2504
2192
2034
3646
2395
3511
3019
2400
2508
3025
2167
3204
2615
3147
2336
2177
3024
2729
3147
2196
2492
2453
2196
3227
2420
2456
2954
2635
3073
2724
2222
2621
2796
2177
2570
2175
2169
3075
2203
3542
3386
3550
3049
2275
2228
3417
2476
3076
2288
2406
3093
2307
2766
3062
2199
2904
2653
3156
2655
3080
2926
2563
2221
3241
2662
3077
3143
3032
2861
2799
2908
2215
3255
3094
2434
2209
2338
5291
2482
2944
2911
2937
3226
3061
2996
2336
2941
2229
3435
2708
2504
3143
2281
2664
2955
3245
3103
2566
2346
3298
2257
3315
2193
2110
3155
2993
3104
2872
2219
3129
3014
2724
2764
3056
2318
3359
2641
2228
3024
3584
3153
2203
2830
2379
2215
2891
2816
2829
2283
2758
3474
2735
2885
2229
2930
2554
2217
3252
2542
2875
2653
2937
2938
2378
3285
2191
3208
3050
3244
2421
2834
2714
3079
2303
2992
16858
2434
3146
2260
3072
3098
2699
14977
2891
2789
2335
3095
2477
8176
2231
2658
3052
2598
2298
3170
2997
2255
2204
3051
2305
2112
3038
2329
2457
2886
2357
2587
5489
2551
3129
3700
2361
2298
3676
2340
2899
3247
2576
2162
4152
2930
2500
2177
2420
2106
2122
2145
2324
4767
2301
2208
3317
3259
3047
6111
2464
2855
3053
3030
2939
3118
3283
3054
2376
2703
2471
2169
3342
3046
3343
2491
3091
2901
2850
2247
3221
3274
2985
3002
2991
2770
3167
3440
3102
3204
2199
3155
2432
3162
2324
3388
2183
3162
2819
2404
2950
2482
2530
3153
3018
3080
2429
6285
2149
3066
2760
3085
2472
2598
2753
2359
6053
2979
10810
2933
3161
2184
2680
2881
2757
3156
10071
2615
3005
3185
2723
3100
2583
3193
3197
2710
2974
3025
2188
2146
2461
3545
2289
2592
2420
3046
3083
7102
2178
2135
3021
3159
3199
2499
2767
3083
2751
3194
2421
3367
3209
2351
4523
2948
3312
3031
2973
3096
2698
2556
2937
2819
7143
2448
7374
7159
2898
2575
2267
3304
3082
2189
2344
3289
5236
2516
3356
3018
3278
2184
2951
2959
3029
2681
3471
6599
2143
3348
2448
2958
2626
2731
3213
2520
2932
2326
2696
3136
2950
2191
2494
7110
2503
3102
2903
3300
2737
3100
3251
2142
3199
2877
7957
2384
2184
2215
2362
3239
3003
3169
2195
2497
2427
2121
4353
2965
3143
2250
2879
2389
2794
3113
2220
2742
3231
2321
2843
2182
2936
2416
4373
2454
3217
7752
2218
2351
3106
2570
2571
3066
2226
3199
2229
2363
2983
2991
2386
2123
3010
2673
3079
2933
2111
3027
2795
3380
2541
3128
3086
2358
2435
2728
2820
2169
3009
3454
2605
2788
2315
2175
3167
6555
2896
2833
2930
2442
2155
2706
3013
7235
2230
3025
2156
3012
6363
3175
3021
2340
2287
2709
2414
2182
3240
2828
2770
3249
2718
2964
2174
2778
2697
2894
2714
2153
3126
2874
2501
2709
2509
3174
2614
2494
3123
2457
2160
2404
3107
2281
2147
2955
3117
2443
2800
2199
2654
2703
8772
2950
2765
2913
3128
2203
2947
2960
2411
2514
2953
3098
3044
2569
3044
3041
2127
2261
2924
4277
2163
3418
2272
2483
3274
2594
2348
2873
2458
2205
2255
2255
2691
4123
5655
2751
2281
2343
3821
2329
2237
2364
2319
2586
3128
2558
2927
2490
3010
2659
2465
2923
2898
2956
3310
2758
2446
3191
2291
2353
3227
2519
2375
3076
2231
2284
3034
2216
3145
2951
2236
3363
3273
2643
6426
2982
2488
3185
4459
3365
2446
2788
2886
2581
2245
5204
3273
2348
2386
3043
3150
2468
2667
2603
2163
2443
3106
5289
2207
2608
2517
2792
2153
2441
2637
3674
2480
3085
2389
2173
3044
2300
2163
3023
2419
3021
2224
6529
3179
2185
2395
2377
2059
3334
2199
3143
2527
2806
2998
2832
2432
3186
2533
2156
3007
2586
2801
2222
2714
2738
2553
2543
3436
2284
3155
2556
2638
2796
2719
2761
2412
2795
2183
2774
2860
2483
2187
2140
2357
3200
2754
2298
2959
3111
2254
6831
3297
2557
4513
2339
2225
4912
2492
2142
2508
3017
2869
2616
3043
3175
2481
2284
2177
3065
2271
2449
3045
3168
2669
2281
4784
3630
2456
2220
2209
3253
3128
2262
3099
2646
2578
2647
2966
3362
2413
2380
2400
7347
2520
2180
2902
2420
2813
2226
2057
3014
2740
2539
2862
2173
13434
2214
2660
3102
2783
2986
2787
2331
3058
2226
2783
3184
6742
2154
2946
2895
3155
2478
2117
2919
2716
2352
2929
2631
2733
2809
2892
2113
3196
2217
2904
3001
2252
2901
2164
3381
2266
2221
3287
2223
2405
3449
2773
2990
2471
2168
3181
2270
2800
2193
3020
3086
2235
2295
2247
3071
2716
2128
2937
3219
2667
2668
2687
2994
2868
2938
2788
3346
2649
2470
2817
2944
2245
2371
3024
2305
2149
3062
2545
2207
3176
2417
2235
3047
2490
3036
2356
3245
3607
2190
2981
2332
3113
2358
2099
3078
2292
2879
2492
2935
2207
2940
2463
3421
2884
2259
2445
3035
2265
2683
2445
2843
2971
2715
2920
3012
2865
2553
2369
3157
2223
2908
2387
2877
2308
2385
2376
3572
2676
2136
2998
3152
2172
3295
2671
3088
2529
2154
2774
2361
2943
3015
2257
2418
2930
2497
2994
5000
2249
2972
2584
2719
2736
2982
2236
2382
3293
2211
2351
3391
2342
2265
3227
3069
2291
6321
3219
2255
2960
2504
3155
2847
2997
2149
2137
3165
2903
3005
4243
2399
2707
2823
2359
2156
3017
2372
2166
2298
4900
4247
3145
3573
3185
3549
2589
2397
3350
3372
3485
2583
3372
2845
3111
3201
3566
2975
3361
3358
3798
2615
3587
2989
3359
3057
3422
3345
3516
2352
3378
3284
3687
3399
3396
3134
3256
3471
3234
3055
2317
3315
2438
3851
2615
3934
3651
2784
3018
3451
3273
3418
3316
3403
3255
2447
3450
3141
2975
3348
3183
2656
2862
3119
3480
3126
2518
2324
3499
3163
3643
3038
2651
2519
2494
7663
2919
2897
3630
2879
12354
3387
2871
3472
3242
3268
3500
3222
3279
3607
2973
3537
3412
3429
3532
3520
3530
3325
3086
3561
3510
2389
2953
3556
2496
2441
2766
3504
3396
3177
3341
2526
2821
3465
3109
3314
2417
2365
3118
3770
3101
3298
3315
3398
2793
2970
3166
3277
3463
3541
3272
3447
2669
3758
2376
3423
3535
3020
2383
3431
3226
3291
22640
3895
3631
3444
3496
3421
3625
3804
3272
2871
3189
3464
2696
2944
2879
3170
2367
2377
2629
3245
2693
3277
2813
2797
3379
2377
2288
2399
3313
2524
3444
3065
3382
2604
2528
2288
3156
2353
2414
2914
2501
2592
2725
3157
3079
3419
3138
3012
3466
3696
2359
3240
2738
3153
2361
2264
3276
2761
2660
3221
2330
2726
3019
3173
2531
2607
2965
3239
3094
2923
2673
3249
2318
3206
3483
3056
3417
3041
3095
2366
2538
3223
2454
3122
3187
2400
3284
3749
2638
3663
3220
3182
3437
3284
3400
3007
3214
3639
9462
3125
3887
2419
3290
3543
3072
4135
2370
2301
2852
2936
2416
2218
2186
2559
4350
2461
2734
2273
3665
3477
2370
3103
2415
3395
3519
2350
2642
3318
3597
2434
2474
3295
2830
3289
2382
2703
3317
3396
2877
2305
2744
2977
3416
3122
3359
2720
3355
2491
2412
3398
2772
2892
3623
2427
3291
3250
2856
3637
2355
2972
2355
2906
3070
3192
3422
2731
3047
2646
3094
3172
3226
2728
3520
3036
2946
3234
2662
3360
2552
2890
3412
3266
2327
3594
3248
2936
2291
3206
3679
3451
2540
2697
2989
2731
3017
2399
3220
2799
3450
2456
2658
2758
3069
2765
2571
3424
3062
3213
2956
3269
3325
2668
2290
3168
3216
2349
2548
3018
3627
3392
2686
3064
3624
2342
2547
3132
3357
2348
3163
2892
3537
3570
2966
2646
3400
2453
3735
2391
3345
2724
3608
2763
3238
2498
2630
3108
3001
3457
2511
2531
3389
2349
2370
3167
2385
2366
3456
3201
3122
3131
2929
3495
2455
2658
3277
3285
2279
2601
3784
2384
2996
3104
3192
3195
3388
2480
3335
2544
3104
3232
3406
3309
3172
3769
2412
2839
2382
3378
3314
3075
2512
3130
3265
3656
2840
3270
2778
3314
2597
2417
3280
2460
3565
2874
3192
2470
2436
3042
3350
2582
3051
3316
3055
3102
3179
3691
3608
2443
3369
3265
2792
2539
3026
2329
2808
3138
2313
2977
2372
2311
2545
4453
3413
2677
3319
2500
3051
2935
2824
2562
2729
2527
2528
2316
2395
3750
3652
2898
2664
3063
2522
3050
3210
3308
2401
3293
2972
3497
3296
3502
4029
3291
2748
3147
3456
3286
2911
2699
2851
3163
3764
2382
3195
2525
3275
3382
2650
2318
3302
2965
2750
2641
3245
2423
2339
2651
2986
3375
2542
2384
3325
3517
2964
2357
2814
3408
3511
2955
3372
2712
2596
3117
3345
2785
2318
3380
3588
2310
3239
2381
3141
3381
3454
2351
2578
3535
2332
2320
3473
3723
3048
2964
2568
3202
3509
3021
2330
2358
2338
3131
2337
3388
2840
3050
3105
2912
3297
3033
3133
2886
3047
3565
2853
3452
3460
2736
2353
3433
2389
2323
2978
3255
3473
2378
2316
3044
2350
3508
2391
2339
2772
3132
3091
2738
3424
2784
2333
3154
3577
2425
3016
2951
3635
2731
3682
2382
3246
3390
2457
2633
2911
3590
2394
3207
2384
3035
3158
2988
3313
2672
3717
2468
3303
3275
2476
2279
3356
2710
2443
3311
2457
2336
3332
2474
2548
2562
3412
2369
3209
2458
3270
3337
2359
3144
3575
3208
2864
2630
3649
3301
2800
2384
3560
2355
2638
2825
3394
2438
3251
2739
2407
2545
3611
2943
2865
3223
2674
3468
2948
2688
2529
3277
2924
2677
3579
2496
2241
2157
2462
2183
2194
2151
2138
2230
2449
5296
2685
2533
2575
4003
2758
3388
2462
3355
2866
2457
3271
3145
3414
3406
2361
3137
2823
3244
2884
3744
3290
2831
2244
3010
3282
2385
3386
2947
2866
3348
2784
2778
2942
3198
3369
3155
2584
3298
2208
2092
2323
2054
2539
2982
2439
3544
2418
2086
3352
2914
2305
2519
2174
8758
3885
3285
3377
3293
2401
3445
3310
3742
3209
3153
3535
3103
3255
2554
3159
3106
2945
3441
3188
3272
3393
3061
3394
3000
3171
2347
2549
2502
2276
3163
2370
3235
2368
2297
3176
3038
2712
3415
3163
2738
3052
3428
2299
3012
3121
3037
3141
3144
3138
2959
3114
3196
3067
3102
2344
3279
2373
3056
2893
3304
3296
2665
3124
2741
3714
3267
3331
2317
3051
3347
3507
2949
3647
3278
2387
3167
3184
2923
3654
2505
2731
7473
2545
3110
2335
2413
2283
2437
2491
2369
2673
40566
2323
2640
2532
2412
3120
2560
2275
2906
3534
2408
3035
2298
2714
3076
2676
2322
19311
2467
3115
2602
2542
2365
2282
3564
2327
2625
2521
2703
2344
2464
3029
3170
3195
3179
2990
3198
3078
3927
2795
3232
2900
3246
10282
3451
2666
3195
2496
2419
2840
3100
2892
3028
3136
2955
2951
3189
3227
3022
3223
3639
3230
3104
2388
3321
2728
2532
3828
2451
2747
2485
3750
2465
3336
2696
3277
3417
2964
2440
3151
2293
2930
3198
2380
3180
2437
3281
2427
3181
2619
2351
3356
2699
2836
3125
3079
3153
3136
2879
3321
2927
2994
3417
3162
2893
3299
2446
2563
3193
3289
3077
3044
3102
9937
3088
3526
2881
3235
3082
3111
2751
3400
3069
3232
2388
2409
3149
2332
3491
2815
2770
3466
3698
2885
3256
3198
3165
2790
3478
2835
2768
2558
3643
2993
2350
3066
3219
2559
2979
3284
3018
3496
3003
2928
3088
3369
3197
2937
3218
2496
2965
2523
2598
2980
2338
2061
2140
4055
2851
2362
2490
2283
2447
2215
3917
2840
29723
3227
3017
2877
3334
3085
3309
2993
2894
3291
2385
2317
3612
2352
3030
9040
2771
3316
2671
2558
3528
2400
2313
3127
2687
3301
2669
2217
3108
3826
2623
3040
3065
3026
3602
3225
2886
3613
2513
3039
2836
3538
2302
2981
3199
3336
3107
2375
3083
3512
3409
2908
3223
3223
2415
3440
2330
2969
2499
3199
3092
2846
3246
3077
2385
3259
2383
2276
2504
3129
3340
2367
2601
3297
7596
3285
3004
2668
3401
2410
2437
2985
3421
2421
2397
3310
3452
2609
3620
2420
3190
2447
3004
3144
3449
3019
3228
3263
3227
3370
3022
3586
3491
2462
2487
3289
2783
2546
3680
2588
3058
3104
3125
2361
2442
2536
3263
2718
2299
2948
3362
3108
2453
15852
3461
2548
2825
2996
3405
3205
3344
3536
3052
3827
3455
2963
3308
2843
2492
2351
2940
3343
2634
3002
3256
3304
2944
19135
3240
2310
2865
3007
3138
3224
2390
2253
3519
2349
2337
3260
3549
2954
3098
2402
3437
2570
3200
3481
2613
2864
3206
2579
3005
2595
2583
2341
3195
2365
16193
2933
2361
2326
5552
2419
3582
2278
2272
3070
2997
3166
3336
3079
2271
3166
2497
3293
2781
3310
2809
2332
3398
2874
2750
2980
3457
2370
3244
2695
2909
3207
3075
2298
2674
3196
2684
2276
2773
3294
2677
3729
3113
3175
3271
2380
21783
25262
3042
3337
2671
2975
2331
2687
2749
2194
2092
2184
2202
2153
3543
2554
3124
2339
2437
3733
2405
3482
3089
2802
2644
3124
2951
3428
2927
2726
3546
3322
2716
2547
3130
2785
3120
2348
3576
3164
2996
2859
3157
2989
2893
2937
3488
3277
2702
2256
2180
3785
2868
2342
3046
2306
2509
3066
2197
2211
3302
2539
2283
2839
3661
2552
2545
3218
2307
2784
3093
2766
2229
3581
3227
2284
2935
3130
3058
2179
3143
2437
3613
2648
2881
3212
2882
2375
2206
2519
3129
3115
2837
3152
2666
2243
3610
2823
2285
3105
2208
3105
3140
2731
2443
2938
2672
3045
2437
2245
3173
2559
3054
2381
3192
2611
2270
2333
2999
3412
3199
3695
3139
2612
3130
3086
2450
2696
2259
3535
2260
2472
2275
3253
2781
2297
3464
3364
2367
2743
3364
2422
2318
3271
3411
3030
7632
3256
2694
2244
3053
3604
2483
2956
2249
3164
2276
2996
3438
2281
2562
2303
3306
2686
3009
2920
3095
2391
2267
2871
3362
2672
2238
3262
3423
2763
2256
3124
2938
3342
2615
2362
3433
3452
2496
3299
3252
2356
2292
2994
3437
2652
3099
2360
3359
2696
2268
3227
2290
2305
2673
3445
2312
2781
3505
3329
2605
2864
3189
2352
3165
2241
3393
3714
3444
3227
2779
3196
3049
2239
2872
2282
2637
2262
2697
2604
2474
2438
4958
2385
2343
2163
3666
2636
2221
2960
2286
2371
2744
2288
2258
2368
2293
3451
2500
3787
2292
3191
2826
3203
3208
2327
3146
2258
2636
3415
3218
2747
2986
2314
2253
2960
3470
2291
3185
2546
3254
2268
3089
3608
10810
2989
3135
2392
2489
2258
7773
2365
2551
3413
2513
2687
2932
3062
2268
3770
2652
3486
2669
2889
2323
2862
3236
2475
2608
3250
3290
2878
2667
2274
3297
2304
2711
2234
2586
2858
2250
2244
2733
5957
4114
3171
3442
3781
3213
3506
3521
3599
3731
3273
2878
3410
3412
3462
3478
2554
2944
3466
3848
3492
3114
3427
2803
7590
3219
3602
2407
3100
3435
3042
3449
2369
3149
3286
2421
3066
3267
3308
2426
3413
3091
2448
2757
2230
2506
3072
3279
3715
3263
3287
3367
2871
3385
3379
3230
3114
3038
3111
3156
3885
3123
2720
3164
3130
3062
3275
2749
3550
3022
3043
3237
3141
3260
3275
2660
2222
2950
3199
2966
3030
2699
3774
3159
2850
3152
3532
3049
3230
2897
3331
2456
2362
3281
8369
2634
3073
3389
3250
2671
3358
3398
2757
3195
3095
3474
2353
2542
3096
3055
3489
2522
3509
3222
3065
3492
3159
2352
2749
3102
3477
3423
2376
2690
3124
3442
2580
3104
2628
3338
2440
3070
2788
2470
3258
3217
2421
3314
2467
2320
2985
3929
2957
3035
3237
2976
3102
3081
3347
3037
3200
3003
3195
3236
3199
2787
2395
3391
2433
3065
13581
3158
3228
3090
2398
3143
3200
2474
2869
3449
3385
2683
3231
3452
3049
3179
2987
3358
3585
11041
3229
2987
3233
3157
3594
3048
2942
3313
3145
3242
3195
2990
2667
3105
3280
2611
2904
2894
3068
2857
3317
3470
3812
2850
2994
3186
3352
3320
3581
3018
3219
3010
3060
3275
2347
2362
3157
3230
3122
3239
3158
3075
3172
3107
3095
2986
3149
3150
3033
3236
3067
3243
3219
2689
3708
2911
3135
3094
3038
3212
3054
2962
3147
2967
3036
3550
2864
3154
3207
3185
3001
3035
2665
3177
14967
2338
2371
2207
2194
6320
3842
5047
4686
4035
4376
4904
4436
4323
4516
5085
4201
4649
3665
4681
4508
4502
3739
4320
4265
5151
4585
4083
4123
4679
4206
3728
3702
4665
4397
4411
4505
4440
4412
4692
3840
3726
4707
4403
4332
4662
19654
3801
4457
3839
4748
3770
3565
4834
4043
4720
4856
4118
4559
4125
4621
3778
24146
3600
4359
4648
4200
3712
4156
4703
4267
3869
4523
3816
3640
4492
4355
4330
4256
8359
4377
4320
4694
5149
4551
4650
10881
4789
4447
4322
4321
4928
4657
4343
4722
4468
4771
4397
4404
4268
4516
4242
4472
4790
4341
4367
4274
4757
4456
4507
3690
4595
3863
3762
4481
4531
3776
3887
4519
4678
4932
4575
4464
4490
4478
4569
4410
4630
4397
4288
4608
5036
4534
3802
3964
4403
4466
4054
4573
4255
4461
4402
4740
4489
4770
4778
4469
4346
4387
4634
4302
4216
4514
3722
3607
12982
3750
4482
4316
4219
4609
4463
3719
4566
4501
4208
4112
4229
4513
4307
4372
4509
4439
4766
4178
5091
4465
4457
4026
4559
4415
4513
4633
4573
4496
4292
4397
4727
4410
4810
4265
4400
4600
3953
5142
3715
3667
4318
3782
4578
4120
3576
4700
4035
3662
4470
4312
4381
4074
4690
3735
4194
14656
4573
4521
3773
4876
4083
5110
5219
3961
4873
4051
4262
4413
4388
3745
4563
4609
16809
4508
4530
4317
4303
4290
4389
4036
4164
4378
4107
4031
13987
3523
3946
6455
4108
5112
6985
3924
4021
3844
5074
4647
5394
4138
3829
4600
4761
4032
4031
4762
4528
4376
3758
4189
5089
4640
3767
4880
4583
4342
4596
3806
5462
4688
3780
4841
3866
4688
3846
4771
4026
3848
4765
3759
4604
4113
4579
4866
3777
3812
4695
4399
3745
4311
4485
3771
4003
15898
4492
4231
4787
4433
4240
4845
3904
4820
4335
4475
4642
4740
4735
5007
4611
4921
4844
4532
5204
4941
3736
4595
3690
4070
4687
3777
5016
3770
4942
5034
4231
4767
4702
4053
4100
4636
4917
5061
4551
4149
4830
3758
3743
4283
4129
4472
4541
3760
4237
4665
5008
4679
3657
4870
4533
4262
3731
9304
5214
4673
4811
4385
4137
4391
4544
4594
5412
3881
5026
4020
4989
4806
4654
3778
4084
4628
4131
3909
4614
4439
4911
4281
4517
4328
4859
3887
4092
4518
4707
4444
3771
4703
4545
4603
3734
4613
4624
4235
4608
4192
4825
4499
4868
4988
4224
3636
4208
4406
4963
4668
4933
4591
4433
4306
4715
3743
4306
4546
5425
3624
4428
4876
5194
4022
4096
4943
4244
14197
4771
4698
4568
5045
5003
4589
4710
3743
4590
4592
4516
4917
4059
4818
4160
4760
4458
3813
4898
4756
4510
4087
4873
4471
4734
4192
4670
4089
4417
4495
4111
4542
3776
3739
4743
3887
4384
4709
4122
3685
3630
4052
3985
3742
3967
3870
7537
4096
3747
3954
4952
4564
4787
4005
4792
3964
4510
4351
3765
4840
3805
4456
4090
4806
4746
3911
4722
4591
3803
4632
4720
4182
4353
3813
4700
4764
3780
4107
4730
4802
4888
4430
3993
3812
3889
4803
3824
8079
3686
5072
4582
4630
5056
4522
4804
4324
4705
4770
4153
4369
4647
4167
4150
4635
4343
4343
4973
4417
4362
4259
4593
4549
4115
4810
3818
3773
4953
4698
3753
4568
3809
4680
4283
4371
4745
4436
4362
3721
4183
4611
3854
4681
3847
4958
4312
4766
3882
4080
4451
5070
4141
4650
3862
4750
4190
4498
5304
4118
3764
4610
4807
4115
4786
4281
4521
4487
3826
4552
12494
4057
5272
4209
3940
3622
3738
3596
3670
3894
4127
3698
11438
3689
3283
3317
2476
3478
3092
3204
3507
2955
3626
3369
3328
2887
3044
3318
3126
3031
3365
3493
3203
2501
8405
3333
3679
2999
3219
3102
2319
2257
2534
2248
2948
2290
3212
2902
2339
3094
8617
3369
3055
3150
3404
3146
3026
2684
13843
2851
3577
3562
2955
3816
3063
2515
3290
3549
3315
3498
2970
17904
3367
3232
2528
3364
2270
3291
2838
3182
3162
2994
3197
37160
3282
8969
2936
22953
3406
3412
3302
3639
3294
3094
3149
2435
3534
3006
3494
3110
3498
3441
2819
3096
7099
3021
3198
2358
3326
2453
2398
2428
2580
2318
2848
2516
2487
3230
2280
2832
2631
3289
2732
3642
3202
3278
3255
3440
3001
3296
2311
2731
2493
3268
2333
3066
3200
3111
3001
3369
8376
2982
3105
2253
3110
2799
3665
2381
2481
3190
2902
3051
3145
3154
3543
3185
3446
3091
2909
2971
2948
3379
2993
3097
2456
3062
3704
2384
2481
40219
3668
3382
2614
3313
3246
2997
2970
2311
3239
3518
2933
3178
2477
2590
3408
3153
3197
2917
2323
3185
2394
2732
3059
2981
3060
2854
3199
3348
3259
27461
3229
3372
3159
3288
3025
3304
3336
3179
21080
3264
3302
3205
3286
12489
3062
3431
3347
3222
3209
3240
3443
3306
3136
3289
3460
3256
3524
3097
3547
3278
3028
3301
3225
3060
3403
3794
2837
3022
3674
2978
3179
2735
3486
2780
2942
3088
3277
2476
2202
3099
2567
2551
2310
2728
2391
4747
2861
3105
3449
2527
2348
3228
3190
2545
2296
3403
3718
2782
2957
3237
3374
3043
2700
3422
2381
2331
2642
2616
3712
2383
2419
3325
3146
2503
2436
3215
2631
2481
3358
2423
2674
3441
2871
3171
2525
2321
3248
2686
2397
3339
2382
2732
3050
3608
3031
3078
3382
3383
3116
3408
3105
3116
3224
2897
3267
3160
13899
3204
2525
2948
3112
3311
3380
2827
3228
3208
3027
3048
2367
3043
2735
3514
2411
2763
3441
2690
2831
2619
3494
2351
2821
3273
3231
2408
2537
2989
3098
3241
3323
2904
2364
3247
2585
3708
3131
2426
2957
2549
3591
2407
3055
3352
2441
3219
3073
3076
2874
3179
2456
3169
2789
3066
3435
3536
2799
2800
3114
3211
2933
2787
2723
3203
2361
2989
2897
2717
3360
2353
2292
3102
3198
2439
2368
3151
3270
2910
3251
2769
3328
3491
3210
3042
3340
3209
2640
2579
3270
2946
2730
3206
2422
3144
2646
3163
19031
3349
2533
2886
3092
3289
3197
3182
2455
3118
3317
3203
3476
2622
3195
3090
2422
2723
3374
3401
2434
3728
2741
3155
2772
2995
2570
3597
2434
2280
3148
3001
2453
3410
2861
2396
3215
3100
3163
3362
2933
3057
3065
3374
3138
3277
2404
3271
2572
2931
3827
2650
2307
2983
3200
3353
2700
2780
3162
2984
3315
3158
2974
2996
3244
3290
3158
3228
3338
2709
2412
2962
3476
3109
2988
3297
3152
3365
2978
3475
2486
2397
2852
3130
2513
2478
2730
3054
2583
2762
2142
2168
2139
5080
2875
2768
2549
2288
2383
2444
2673
3256
3700
3445
2861
2912
3361
2805
3301
3315
2552
3243
3463
2696
3273
2669
2448
3360
2497
3168
3038
3249
3154
2687
2745
8064
9772
2687
2555
2322
2507
5099
2381
3791
2376
2329
2859
2555
3372
2357
3035
3079
2839
3142
3141
2794
3516
2675
3062
2269
3293
2299
3254
2447
3189
2534
3779
2899
2861
3335
2332
2671
3614
3734
2404
2318
2658
3416
3111
3256
2358
2294
3591
3344
2658
2644
2459
3371
3109
3195
2324
2574
3225
2677
3379
2338
3407
2502
3044
2634
3044
3196
2613
2578
3117
3383
2405
3183
2322
3569
2750
3249
2405
3074
2344
2444
2662
3368
2391
3106
2377
3985
2484
2944
3562
3212
2477
2797
3345
2535
2907
3170
3128
2575
2627
3365
2332
3354
2978
2522
3172
2619
3126
2561
3221
2952
3402
2455
3234
2714
3090
2576
3522
3214
8163
3278
3656
2384
2416
2991
3505
2535
14204
2374
3094
3220
2377
3400
2673
3171
2539
2603
3002
3438
2559
2360
3349
3222
2403
2955
3230
3374
3010
3472
2884
3142
3376
2485
2702
3437
3793
2356
2506
3001
3383
2387
2266
3311
3039
3736
2791
3489
3555
2477
2611
2607
3524
3015
3298
3191
3161
2741
3108
2368
2289
3204
2810
2927
2351
3202
2420
2486
3620
3613
2370
2848
2486
2959
3619
2727
2442
3135
2788
2466
3138
3695
3707
2340
2475
3689
3077
2488
3203
2625
3015
2975
3343
2379
3692
2314
2361
3485
2334
2786
3317
3146
3498
3002
3023
2750
3106
3257
2381
3156
3083
2781
4048
2332
2525
3429
2330
3800
3225
3089
2624
3268
2346
2371
3367
2982
3416
2404
2506
3473
3373
11821
3262
3199
2995
3148
2723
2305
3234
3105
2466
3347
3484
2500
2343
3105
3131
3583
3112
2780
2380
3394
2469
2576
2549
2471
2253
2387
2730
4451
14099
2274
2374
3651
3038
2365
2545
2467
3270
2416
2464
3715
2357
3735
2868
3044
3318
3249
3242
2355
3372
3225
2603
2317
3393
2398
3062
3166
3626
2414
2748
2954
3301
2702
2734
3317
3378
2839
3037
3200
2952
3021
3644
2540
2638
3251
3384
2838
2251
3349
3002
2683
3332
2290
3509
2607
2324
3213
3492
2394
3169
3277
3485
3042
2371
3195
2707
3067
3768
3453
3464
2576
3351
2557
2986
3390
3073
3162
2758
2342
3790
3275
2754
3106
2715
3207
2937
2362
2665
2489
2580
2405
2644
2268
2397
5134
3400
9385
3226
3321
2335
3188
3090
3303
2925
2600
3408
2505
3102
2441
3067
3221
3167
3362
2895
3358
2811
3175
3741
2296
2976
3104
2505
2865
3266
3426
3586
3612
3207
3090
2814
2625
3231
3219
2391
2820
3183
3157
3436
3291
2341
3098
2244
2276
2371
2416
2251
3139
2251
3313
3417
3187
2607
3132
3006
11575
3435
2501
3382
3314
3226
3703
12805
3345
3278
3160
3146
3334
13123
3186
33369
2925
3634
3468
3078
3268
3092
3295
3171
2656
3250
3363
2969
2966
3204
3574
2985
3050
3138
3375
2746
3641
2989
3401
2872
3134
3662
2400
3780
3200
2303
3678
2996
3050
3304
10028
2673
7258
2469
6019
2122
2043
2049
3175
2582
3061
2726
2847
3220
2621
2941
3009
2726
2437
2452
2299
2315
2279
3155
3285
2918
2615
3214
2889
3164
2342
3304
3506
3330
3088
3404
2432
2694
3267
3614
3257
3353
3330
3177
3268
3602
2346
3312
2582
3125
2968
3343
3350
2360
3169
2430
3551
2407
2516
3473
3383
2650
3199
3290
2587
3057
3120
3265
2498
3065
3387
3290
2485
2961
2902
3416
3085
3061
2669
3717
2981
3023
2869
3246
2969
3190
3012
3417
3075
2849
3236
3596
2454
3050
3225
3089
3372
3039
3539
3033
3259
3340
2963
3917
3146
3341
3291
3349
3554
3258
3339
3445
2761
3186
2900
2511
3154
3416
2495
3124
3111
3291
2584
2908
3348
3080
3671
2400
3288
3224
3558
3539
2414
2904
3359
3190
18140
2799
11604
3314
2947
2749
3414
3147
2379
2935
3170
3355
2643
41074
2654
3182
2427
2550
2349
3082
2603
2342
3399
2367
2183
51811
2558
2390
2094
3348
3466
14177
2350
3750
2821
3038
3391
2461
75132
3416
3395
2336
3315
3200
2470
2975
3171
3251
3100
3185
2357
3145
2605
3137
2926
2739
3285
2584
3150
2509
2914
3646
2483
3233
3362
3030
3105
3037
2553
3668
3112
3179
3185
3653
2528
3256
2980
2555
3281
2952
2941
3246
2443
3320
3498
2407
3104
3088
3231
3066
2435
2911
3136
2528
2586
2998
3574
2344
3088
3217
3254
3387
2641
3089
3386
2822
3016
2370
3172
3061
2577
3720
2396
2308
3183
2704
2669
3027
3125
2520
3123
3016
3419
2394
3176
3564
3141
3377
2945
3269
3702
2731
2716
3719
2388
2371
3104
3309
3260
3359
3067
3109
3153
2623
3306
2743
2958
2361
3487
2891
3045
2485
3512
2394
3051
2941
3461
2344
2314
3038
3233
2672
3303
2391
3123
2466
2688
3284
2410
2920
3143
3320
2409
2579
3493
2952
3204
3343
2568
3648
2656
2759
3310
3144
3161
3101
3072
3071
3605
3481
3142
3295
3189
2447
2326
3627
3577
3041
3196
2510
2845
2314
3415
2429
3082
3418
2995
3007
3089
2977
3319
3030
3201
3088
3747
2984
3311
3480
3264
3118
3169
3275
3636
3032
2963
3221
3040
3269
3452
3046
3720
2696
2745
2572
3485
3174
2832
2731
2865
2409
3336
2416
2354
3154
3397
3389
2801
3230
2404
3778
3185
3298
2585
3194
2494
3551
2396
3060
3072
3506
2976
2412
3616
2723
2532
3384
3396
3045
3106
2965
3364
2878
3345
3042
2887
3417
3173
3530
3081
2967
3125
2488
2639
3326
3153
3402
3348
3506
2416
2846
2960
2362
2294
2523
2298
2442
4174
2441
2364
2442
3216
3136
3568
3307
3175
3331
3255
3330
2792
3428
3068
2963
3068
3219
3249
3401
3192
2477
3061
2515
2666
2326
2971
2428
2298
2326
2237
4623
2996
2716
3730
3458
3106
2868
3417
3047
2861
2451
2369
3061
2343
3207
3019
2654
3207
2432
2270
3256
3129
3189
2323
2449
3176
3507
2607
2351
2312
3154
3010
2594
2901
2319
2739
2360
2469
2213
2268
3433
2433
2644
3242
2313
3289
2806
3142
3154
2624
2272
3020
3171
2353
2545
3194
2341
3053
3267
2950
2603
3399
2906
3391
3424
2819
2377
2770
3245
2967
3018
2337
3428
2422
2903
3496
3318
2802
3163
2759
3017
2956
3069
3259
2531
3242
2466
3123
2254
3843
2796
2338
2973
3184
3556
2771
3415
2315
3172
2825
2995
3459
3889
3341
3019
3249
3434
2842
3096
3476
2436
2285
3338
3358
3265
2373
3259
2720
3250
3234
2564
2317
2328
3744
3367
2752
3311
3908
2269
2428
2310
3525
3165
2626
2647
2373
3584
3847
2736
3327
3577
2758
3624
2344
2209
3475
3674
2762
3033
3344
3013
3235
2351
3776
2773
2691
3088
2971
3286
2444
2508
2850
2717
3247
2324
2909
3253
3382
2747
3378
3087
2514
2559
3496
2486
2544
3255
3214
2424
2374
3606
2971
3313
3047
21722
2469
3009
2659
3308
3508
2246
3239
3151
3188
2348
3273
2741
3026
2292
3488
2350
2656
2586
2295
3139
3636
2695
2213
3240
3029
2486
2277
3367
2699
2394
3403
3014
2248
3195
3084
2459
3659
3792
2695
3150
3414
2935
3237
2314
2888
3120
3286
2319
3089
2275
3206
3093
3219
2355
3110
3372
2447
2387
2979
3010
3038
3117
2299
2367
3121
2614
2597
2620
2111
2137
2055
2427
2564
8458
2497
2577
3601
2659
3830
2610
3481
3101
2713
2457
2326
2433
2270
3787
2857
3501
2469
2430
3460
2360
3368
2566
3019
3508
3399
3639
3564
2898
2371
2963
2797
3532
2775
3242
2716
3215
2966
2876
2655
3231
2313
3480
2358
2493
3175
3388
2383
2293
2938
2435
2311
2941
2667
3281
2961
3326
2415
3136
3434
2357
2305
3192
3040
2365
3184
2764
2757
3559
2464
2416
3300
3173
2592
3610
2592
2929
3412
2404
2443
2466
3208
2398
3238
3449
3502
2602
2549
2458
2424
2540
3202
3314
2387
8490
3043
2360
2407
2071
2100
2237
2421
2274
2708
8849
2484
3882
2510
2437
3070
2498
3192
2609
2501
2914
2691
3309
6028
2452
2159
5568
2673
3565
3054
3006
3263
3168
3650
2367
3339
3019
3259
3466
3261
3289
3113
3517
3409
3757
3315
3618
2839
3231
3206
3112
2912
3350
3856
3091
2937
3242
3490
2986
3277
3418
3350
2820
2294
2794
3632
3363
53227
3137
3206
2989
3097
3652
3374
3761
2647
3319
3395
3492
3369
3634
3475
2683
3108
3118
3191
3240
3259
3479
3652
3278
3340
3411
3166
3304
3772
3500
3219
2382
8019
3111
2852
2320
8034
3376
3068
2521
3358
3135
3107
3505
7213
3140
3532
3018
3399
2393
2212
3156
3530
2543
3402
3502
3245
3618
2909
3046
3509
3048
3160
2528
2746
3203
2441
2263
2716
2568
2719
2056
2417
3253
2724
2254
3633
3104
2801
2758
3528
3614
3031
3226
3219
2463
2860
3169
2906
3169
3000
3153
3285
2872
3071
2979
2515
3256
2545
3041
2569
3095
3437
3201
3446
3590
2480
3019
2436
3231
3478
2301
2843
2764
3413
2316
2520
3422
2324
2591
3312
2383
3081
3113
3211
2668
3116
2844
2303
3472
2455
2367
3086
3468
3450
2920
3199
3169
3416
2338
2464
2203
2967
2939
2708
3286
2730
3238
3447
2372
2309
2447
2739
2182
3078
3333
2400
2519
2955
2278
3334
2384
2259
2274
3090
2319
2950
2590
3178
3173
2278
2209
3468
2338
2420
3631
3249
2617
2481
3147
3023
2337
3194
2264
2960
3005
3194
2996
3408
3654
3141
2581
3460
2356
2312
3055
2926
2414
3568
2946
2779
3332
3472
3454
2855
3261
2456
2788
3126
3174
3048
3195
3356
3011
2957
3286
3073
2813
3068
2801
3068
3105
2574
2965
2368
3236
2953
2570
3008
2964
3213
3238
2896
3142
3447
2496
18653
3252
2938
3578
2387
2265
3136
2643
2698
3046
2073
2106
4670
2184
2205
2114
2175
2425
3357
2526
3241
2981
2753
3132
3200
3212
3020
3331
3318
2573
2586
3305
2694
3069
2657
2228
3112
2274
2957
3222
3521
3597
2437
3353
3169
2557
2888
2574
3327
2318
2727
2297
3095
2323
2515
3234
2982
2279
2969
2766
3291
2729
2641
3120
2976
3162
2339
2549
3227
3008
2314
2289
3017
2558
2624
2670
2832
3125
3521
2309
3238
3365
3057
3033
3470
2310
3189
2334
3147
2842
3509
3002
2769
3192
2294
2729
2750
2484
3053
2295
2667
3467
3045
3103
3125
3078
2435
2996
2492
2240
3224
2286
2815
3011
3187
2315
2958
2466
3607
3210
2962
2275
3350
3063
3026
2891
3116
2631
3035
3171
3253
3333
2571
3157
3571
2300
2712
2711
3067
2294
2621
3044
3149
2540
2871
3143
3073
3091
2665
3415
3408
2449
3130
2777
3220
3197
2393
2296
3366
3011
2854
2847
2968
3211
2290
3201
3018
3759
2276
3148
2313
3160
2282
2553
2945
3353
2996
2288
3152
2603
2414
3099
3293
3051
3916
3157
2302
2852
2924
3100
2342
2447
3296
3046
3063
3005
2990
3082
3089
2847
2346
2432
2514
2903
3188
3232
3305
3148
2705
3096
3184
3140
3474
2907
2639
3817
2985
3254
3417
3053
3166
3091
2659
2455
3036
2429
3191
3377
2897
3311
2883
3034
3260
3133
3188
3517
3197
3046
3280
2553
2684
3190
3135
3159
3360
2966
2921
3566
3440
3409
3455
3128
2477
2377
3174
3056
3133
2965
3002
3039
2352
3070
2301
2662
2972
2971
2891
2668
2967
2861
2875
3550
2321
3133
3144
3273
2824
2521
3096
2897
3261
2744
2240
3367
2357
2596
2960
2617
2311
12119
2552
2110
4344
2316
2104
2239
2029
2107
11765
2342
2736
2407
2253
2437
2518
18701
2400
2215
2601
2181
3774
2405
2240
2288
2195
2070
3431
3313
2707
26282
2910
2269
2242
3007
2520
2258
2369
3113
2564
2453
2119
3451
2533
3227
5257
2798
2327
3222
2561
13351
3512
3425
2780
2682
3361
2664
2318
3412
2388
2502
3656
2636
2365
3458
3355
2721
3449
2874
2433
2654
3214
2390
3856
2803
3075
2857
3489
3367
2523
2523
3282
2548
2354
3367
2760
3109
2459
3631
3419
2820
3814
2351
3353
2552
3278
2367
3560
2516
2958
3346
2784
3421
2373
2329
3187
3458
3358
3470
2706
2588
2308
3487
3088
3604
2619
3341
2932
2840
2843
2816
2240
3420
3261
3238
2721
3068
2401
2335
3290
2392
3265
2332
2604
3186
2737
2746
3106
3723
2524
2790
2932
3192
2391
3308
2481
2979
3120
2957
3318
3156
2670
3749
2405
2887
3472
2386
2506
3140
3065
3464
2893
3031
3386
2341
3020
2488
3143
8529
2408
3325
2899
2304
2892
3183
2318
3026
3174
2718
3521
2936
2990
3276
2379
3066
2944
3181
2598
3296
2404
3529
2708
2353
3623
3822
2507
2572
2318
3251
3240
2402
2823
2969
3278
2511
2837
3144
3194
2390
3001
2444
3232
3040
2787
3579
2404
3477
2687
2934
3521
2511
3117
2395
3701
2492
2473
2295
3166
2385
2332
3413
3106
2380
3187
2902
3204
2855
3495
3929
2366
2302
3320
2342
2352
3694
2416
3136
2473
3422
2689
3400
3134
2895
2461
3128
2788
2469
4024
3410
2393
2580
3347
2401
3653
3411
2372
2314
3661
3303
3228
2344
2873
3450
3065
2870
2309
3022
3624
3276
2795
2473
3112
3090
2725
3126
3045
3125
3396
3175
2972
3271
3228
2846
2815
3452
2484
2336
3487
2394
2352
3026
3115
3317
3419
2295
2597
3631
2517
3309
3593
2853
2568
3448
3310
2394
3357
3795
3819
3262
2769
3668
2605
3359
2476
3909
2637
2617
3058
3322
2525
3057
2614
3088
2872
2318
2603
2258
2636
5043
2498
3589
2644
2281
2398
3442
2941
2330
2640
3404
2447
2389
2482
3325
2302
2471
2355
2653
3688
2463
3528
3340
2721
3208
2991
3175
2657
3387
2728
3025
2971
3004
3055
3284
2765
3898
2903
2959
3436
3005
2958
2487
3547
3452
3291
3019
3236
2283
2355
3128
3053
3107
3235
3173
3384
3139
2485
3101
3559
2566
2435
2463
3053
2744
2584
2426
2999
2451
2315
2402
2211
6743
4405
3505
2374
2341
2476
3793
3731
3458
3031
2561
6658
2341
3594
2382
2529
2304
3105
2369
2623
3060
2602
2811
2232
3527
5984
3705
2443
3657
2533
13339
2808
3538
3417
3715
3559
3552
3458
3555
3543
3150
3739
2624
3222
2454
3615
3492
3667
3193
2415
3604
2731
3250
3386
3219
3290
2855
3422
2340
3816
2689
3326
2595
3194
2391
2310
2709
2315
2284
2925
3363
2998
2303
3404
3356
2438
3649
2411
3413
2500
2343
2535
2722
2827
2705
2658
2453
2440
2764
2444
2269
2318
2443
2563
2180
2130
2236
2158
2155
2376
3499
3234
3253
2382
2709
2243
2226
2075
3046
2678
2339
2305
2572
2247
2248
3125
2332
3410
3151
3427
3357
2652
2315
2667
2253
2176
2150
2383
2141
2218
3107
2604
2917
2802
2918
2469
15348
2346
2335
67622
2615
2217
2158
3182
3221
2855
2654
3151
2889
2333
2900
2676
2377
2284
2387
3428
3402
2393
2860
3230
3236
12854
2351
3196
3129
3248
3008
3323
2758
2977
3380
2327
3133
3301
2773
2963
2891
3603
3106
3162
3298
4016
3311
3714
3227
3303
3177
3158
3141
3550
3124
3294
3819
2353
3127
3286
2958
2964
2949
3112
3167
3196
2619
3398
2458
2517
3279
2909
2885
3419
2949
3501
15258
2802
3031
3196
3015
3053
3077
3490
3032
2606
3264
2430
3113
3122
3094
3280
2966
2644
3622
2363
2485
3161
2794
2861
2972
3325
3023
3402
3734
3043
3001
2399
3206
2350
3161
2839
3261
3060
2726
2914
3274
2680
2346
3504
3339
2715
2351
3402
3370
3587
3105
2381
3410
2712
2311
3469
2966
3040
3666
3024
3445
3506
3146
3178
3196
3951
2454
2308
3011
3287
2446
2433
3235
3239
3410
2421
2520
3363
3339
2425
3551
2433
3348
2826
3415
2730
3119
3449
3305
3079
2785
2756
2988
2828
3187
2895
2456
2804
2463
2355
2487
4614
2690
2615
2263
2442
2278
2309
3432
3232
2439
2628
2541
3919
2665
2832
3283
2682
3195
3636
2372
3172
2328
3546
3150
3135
2890
2397
2312
3400
2833
2824
3149
2738
2361
3040
2789
3235
3168
3212
3172
2392
3170
2335
2702
3392
2493
2329
3187
2934
2729
2710
2892
3555
2920
2575
3308
2468
6436
2343
3566
15870
2335
3217
3599
3416
2389
2570
3174
2361
3148
7049
3282
2542
3116
3469
2519
3203
3257
3079
3290
2831
3181
3579
3409
3235
2384
3389
2389
3003
2528
3216
3177
2681
3151
3550
3357
3197
3195
3188
2676
3468
3559
2728
3989
2274
3272
2689
3564
2648
3442
2592
3574
2646
2350
3590
3241
3117
3044
3205
2408
7109
3133
3144
3015
3178
2829
3063
3204
2350
2677
2827
3368
2420
2638
3077
3332
2520
2297
3371
3146
3138
2689
2298
3175
2724
3075
2473
3482
3245
2667
3249
2696
2598
2969
2807
3248
2538
3129
2694
3184
3262
2439
2319
3383
3228
2541
2424
3265
3057
2713
2695
3171
2702
2326
2973
3648
2438
3639
2719
3539
3694
2579
2530
3267
2445
4166
3011
2648
3325
3276
2989
2836
3087
3129
3131
2406
2353
3136
2461
2341
3324
3241
3538
3332
3000
33830
3368
2931
2902
3464
2721
3004
3250
2403
2332
3125
2443
2925
3360
3620
2294
3129
2649
3070
2398
3155
2974
2484
3114
2857
2693
3285
2299
3166
2254
3222
2370
2362
2907
3338
2373
2315
7584
3147
2336
6380
3363
3491
2345
2304
3202
2870
2775
2966
2400
3397
2345
2400
3306
3522
3253
2507
3121
2777
2495
2871
2478
3322
2683
2664
2295
2298
2384
2393
5089
2788
2375
3314
2331
3533
3707
3634
3668
2429
3745
2362
2263
2262
3263
2815
3427
3155
2815
3305
2652
2453
2388
2815
2429
2579
3316
3222
2712
3088
2412
2316
2945
59302
2317
2144
2138
2327
3588
2654
2526
2607
3186
2625
2297
3617
3429
2354
2638
2834
3467
2340
2281
2583
3046
2365
3243
2768
2850
3389
2436
3271
2796
3363
2502
3208
3104
2342
3443
2531
2885
3276
3296
2412
2361
3138
2528
2709
2961
3683
2331
2284
3018
3116
2815
2253
3296
2918
3142
3152
3180
2825
3119
2682
2950
3026
3345
2341
2797
3077
3395
3259
2851
3234
3338
2468
2282
3500
2351
3157
3154
2363
3216
3160
3357
2308
3508
2459
2278
3514
3258
3208
3375
2347
3348
3539
2338
2226
3140
3918
3097
2278
2259
3213
2346
3150
2601
3607
2559
3237
2721
2326
3577
2484
2265
3753
2818
2462
2827
3411
2382
2701
2580
3164
2322
2841
2457
3385
2361
3003
2311
3599
3230
2404
3137
2302
2675
3256
2293
2653
3289
3616
3508
3741
3593
2644
2295
2270
2524
2213
2458
2570
2796
3221
2271
3090
2409
2422
3208
2723
3171
2562
3614
3324
3258
3237
3698
2393
2512
4022
2363
2953
3099
3592
2644
3041
2307
3215
2319
2263
2494
3421
2658
3048
2566
3250
2561
2959
2905
3109
3137
3148
2912
2677
3224
2699
3263
2865
2825
2951
3304
2690
2512
2487
3033
3423
3026
2513
2879
2974
2329
2688
2378
2553
2099
4694
3609
2722
3363
3516
2901
3293
2522
3008
3224
2433
3340
2392
2409
3462
3472
3707
3566
3055
3091
2517
3686
2514
2456
3469
3382
2466
3153
2991
3427
2847
2391
3442
2633
3533
2432
3297
3246
2572
3312
2428
3768
2854
3538
2976
2477
3627
2689
3365
2537
3353
2471
3328
2865
2860
2358
3170
3380
2590
2285
7710
2912
2388
3541
3271
2492
2207
3258
3549
3308
3661
2914
3170
3304
2746
2370
3277
3436
2493
2599
3360
3122
2629
3025
3231
2497
2633
2907
2778
2993
3362
2473
2378
3224
3191
2396
2728
2580
3305
2380
2384
3408
3566
2375
3270
3539
3577
2909
3518
2489
3797
3479
3467
3481
2436
2703
3286
2381
2549
3638
2845
2411
3145
3202
3226
2677
3244
2677
3430
3291
2439
3031
2986
3181
2545
2464
3268
2961
3172
2417
3117
2718
3186
3245
2415
2723
3158
3513
2312
2213
3547
2396
2798
3310
3124
3296
3354
2555
2942
2422
3199
3056
2753
3740
3035
3120
2888
3499
2371
2818
3253
2871
3005
3744
2725
3107
3270
3530
2568
3721
3359
3343
2320
2575
3289
3786
2428
3245
3400
3153
2987
2487
3313
2700
2688
2353
3136
2449
2347
2438
2415
2849
2359
2267
2560
2291
5265
2942
3535
3448
2663
3864
2552
3685
3373
2541
2260
3568
3760
3201
2899
3643
3703
2335
2978
3340
2880
3106
3549
2528
3177
3220
2590
3449
2893
3152
2972
2632
2207
2133
2456
2648
2168
2137
7552
3623
21440
2412
2936
2649
7771
7848
2684
3255
3670
3111
3450
3544
2715
3040
3533
3175
3524
3322
3454
2600
3147
3077
3762
3258
2360
3418
3218
2382
3100
3109
2276
3593
3236
2814
3123
2881
3104
3267
3470
3094
3243
3003
3086
3213
3104
3302
3420
3149
3218
3601
2972
3323
2385
3116
3199
3008
2825
3275
2646
8559
2974
3047
2776
2662
3229
2406
2420
8469
28749
2286
2702
3341
3482
3915
3373
3450
10775
3486
2975
3152
3377
3169
3224
3179
3244
3074
3605
3130
3847
3236
3262
3259
2742
2971
2724
2991
2824
2915
2567
3346
2678
2815
3127
2362
3661
3465
3005
8525
2984
3250
3290
3320
3504
2869
3281
3483
3284
3135
3137
3967
3115
2735
24670
2410
2621
3276
2711
2571
2357
2169
2477
2626
2368
2635
2900
3622
2865
2653
3207
2437
2555
3470
2424
3625
3517
2555
2661
2814
3351
3621
2833
3252
2362
3513
3509
2860
2326
3422
2917
2952
3839
2734
3629
3221
3437
3368
2801
3318
3657
2446
2622
3278
2990
3017
3326
3173
2958
2921
3395
3395
2435
3082
2754
3027
3264
3277
3216
3328
3215
2522
2409
2845
3080
3109
2569
2950
2527
3288
2411
2355
3301
3392
2674
3242
2407
3256
2732
3682
3109
2716
3298
2389
3536
2833
3223
2398
3590
2406
2984
2786
3163
2397
2680
3423
2506
3203
3011
3093
2761
3329
2416
2408
3139
3172
2905
2882
2991
3142
3001
3029
3624
2787
3441
2415
3087
2372
3791
2484
3481
3014
3656
2728
3539
3357
3749
3544
3470
3743
3315
3453
3548
3825
3360
3507
3433
3413
3238
3382
3494
3231
2872
3445
8054
3495
3331
3109
3261
3360
3163
3006
2509
2382
3075
2604
2158
2186
2205
2266
3539
3561
3273
3468
2523
2982
2867
3162
2796
3279
2826
3683
2289
3336
3209
2452
2245
2336
3081
3786
3176
2947
3229
2415
3077
3269
3225
3280
2948
2414
3181
2371
3703
2384
2974
3535
2384
2212
3829
3616
3603
2719
2281
2972
2643
3829
2456
3694
2359
3281
2749
3320
2500
2336
3339
3274
3206
3210
2385
3116
2659
3248
2778
2474
3479
2462
3471
3014
3055
2962
3285
3182
2865
3392
2899
3019
2763
2953
3299
2588
21039
3104
7686
3559
3830
3376
3391
2792
3587
3189
3832
2784
3189
2630
3187
2508
3168
3263
3306
3079
3615
3188
3226
3382
2553
2654
3373
2596
3655
2396
3345
2657
3317
2805
3410
2608
2661
3365
2402
3388
2702
2361
3361
3349
3380
3581
2809
2982
3090
3301
2454
3343
2406
3353
3499
2674
2296
2389
3218
3292
2446
3167
3310
3382
2860
2888
3339
2419
2366
2568
3345
2433
2343
3090
3511
2537
3413
3326
2792
2954
3531
2772
3082
3136
3528
3230
3415
3184
3098
2737
3143
2359
3845
2679
3461
2474
3034
3103
2535
2305
2831
3341
2462
3661
3287
3324
3019
2933
2428
3543
2815
2211
2854
3439
3193
3232
3287
2574
3233
3046
3216
3130
3104
2695
3606
2349
2967
7874
2760
2946
2805
3465
3148
2424
3618
2496
2373
3350
3226
2696
3116
2440
3499
3408
2503
2798
3031
3169
3628
2951
3214
3338
3408
2411
2940
2947
2513
3407
2835
2680
2788
3302
3152
3169
3078
3228
3150
2626
2439
3250
3233
2361
2558
3345
3239
3471
2967
3696
2895
3659
2945
3373
2920
3231
2407
3262
3452
3148
3742
3231
2370
3128
2631
3338
2494
2611
3432
2773
13352
2608
3162
2746
2497
2157
2229
2302
4970
2558
3157
3302
2536
2933
3493
2570
2335
3371
3078
3346
2792
2464
3107
3461
14784
2333
3597
2740
2901
2221
3742
2988
3145
3802
2525
2473
2637
2944
3232
10109
2282
2531
3062
3201
3256
3346
2951
3037
2371
2325
3352
3074
3293
3221
2374
2384
3245
2544
3182
2991
3405
2994
3275
2509
2989
2991
2746
3456
2837
2953
2410
2349
5046
2425
3718
3131
3227
2337
3380
2492
2715
2818
2917
2358
2457
2745
2864
12391
4981
2194
3642
2245
3430
2358
2088
3115
2207
3187
2709
3074
2411
2994
2481
2829
3432
2237
2397
3081
3120
2445
3224
2328
2264
2887
2174
3199
13560
2608
3398
3349
2295
2248
3024
2758
2186
2087
3133
2289
2165
2318
3479
3198
2613
2236
2159
2552
2088
2083
2735
2346
2159
2978
2730
2387
3204
2165
2362
2830
3187
2834
2290
2138
2465
2339
3282
2150
2330
2724
3216
2798
2813
2167
3490
2715
3198
2586
3096
2184
3204
2280
2338
2919
2999
2675
2697
2218
5344
3184
2217
2082
2961
3228
2272
2123
2187
3058
2491
2510
3258
2840
2448
3030
2567
3239
2177
2534
3097
2726
3318
2986
2390
2142
3406
2226
3131
2632
2519
3001
2242
3007
3007
3349
2166
3083
2915
2215
2649
2494
3067
2230
3328
2210
2527
3068
3214
3413
3258
2173
2556
3292
2241
3356
2621
2403
2913
2732
2290
3734
3010
2901
2276
2474
3215
3072
2314
3123
3166
3241
2551
2194
3778
2890
2266
2859
3186
2231
2666
2916
2336
3123
2130
3176
2505
3024
2698
2330
3518
2497
2860
2265
3190
2230
2383
2866
2184
3345
2488
2149
2469
2876
5826
2633
2161
2813
2901
2363
2345
3243
2192
3023
2228
2437
2895
2114
3138
2480
2132
2984
2850
2670
3209
2404
2260
2945
2314
2703
3372
2768
2389
3460
2234
2466
2964
2500
2466
3043
2146
2895
2753
2757
2236
2351
2985
2591
2741
2852
2640
2898
5545
2374
3097
2968
2681
2385
2881
2438
2680
3085
2168
2304
2599
2241
2142
2138
5249
2330
2202
2158
3099
3112
2343
2902
2761
3284
2203
3032
3102
2689
2223
2680
3664
3082
2355
2550
2757
2504
3255
2192
2320
3333
2493
3013
2283
3308
2413
2739
2941
2670
3584
2387
3236
3030
3042
2318
3163
2297
3087
2458
3100
2177
3198
2326
2130
2392
3027
2419
2315
2976
2893
2971
3052
3529
2281
2136
3373
2956
2292
2617
2505
3024
2430
2213
3384
2176
2574
3301
2412
3717
2372
2275
3227
2323
3170
2289
3032
3119
3022
3277
2802
3180
2222
3645
3379
2393
2181
2933
3370
2297
2195
3039
3237
2653
2916
3332
2507
2194
2888
3223
2583
2847
2543
2254
2169
3008
3035
2188
3245
2713
2558
3313
3002
2280
2167
2758
3032
2820
3172
2338
2182
5449
2893
3137
2392
2815
2444
2819
3082
2283
2171
2798
2857
2218
3207
2295
3081
2848
2343
3078
2203
3085
3355
2837
2443
3249
3051
2138
3326
2229
3050
2250
3001
2501
3163
2191
2970
2935
3034
2505
3329
2315
2897
3042
2454
2425
3342
2302
2854
2167
3019
2488
2586
2738
3182
2285
2855
2180
2168
2638
2489
2231
2492
2284
2176
4835
2460
3486
2527
3020
2157
2305
2825
2300
3300
2761
2440
3278
2839
2971
2483
2915
2976
3354
3261
2939
3098
2252
2613
3016
3054
2934
3239
7373
2858
7015
2970
3367
2641
2670
2680
2207
2504
3274
2988
3024
3307
2786
2739
2524
3106
2813
2163
2697
2758
2627
2707
2757
2516
3013
2746
2503
2468
2578
2993
2099
2470
2897
2868
2450
2778
2507
2751
2224
3121
2933
2826
2145
2755
3348
3085
2866
2993
2735
3145
2865
3129
2901
2796
3250
2737
3304
2912
3319
2326
2637
2975
2593
2859
2221
2607
2283
2108
2883
2605
2733
2452
3107
2558
2822
3244
2095
4367
2400
2963
2871
2139
3107
2718
2830
3035
3143
2152
2116
3054
2704
2326
2754
3315
3104
2976
2986
2527
3010
2998
2949
2705
2103
3592
2949
3079
3042
2715
2397
2781
2526
3364
3006
2771
2272
2506
3358
3036
2437
2398
3127
3038
3032
2534
2976
2982
3026
2117
2799
2748
2764
2624
2825
2187
2781
2353
3108
3041
2367
2933
2331
2830
2871
2880
2816
2533
3001
2737
2151
2764
3082
3039
2898
2420
2896
2620
2549
2889
2149
2928
2306
2521
2594
3058
2864
2100
2850
2892
2981
2698
2462
2493
2872
2310
2953
2129
2454
2087
2971
2491
2729
2719
3321
2474
2819
2265
2988
2519
3011
10449
2963
2193
3398
3107
2184
2814
2863
2864
2901
2802
2991
2719
2110
2946
2437
2088
2819
3261
2292
2428
2189
6806
2818
2845
2496
2268
3025
2952
2515
3293
2265
2299
2097
2838
2297
3019
2877
2135
2954
2887
2839
2200
3237
3133
2600
2442
2415
3107
2816
2885
2192
2840
2754
2315
2347
3515
2617
3219
2318
2968
2355
6501
2592
2095
3589
2265
2532
3068
3020
2214
2902
2246
2592
2869
2706
3046
2431
2889
2832
2981
2124
2768
2131
2348
2870
2557
2198
2751
2810
2195
16377
2540
2549
3175
2394
2195
2771
2183
2584
3393
2921
3287
2559
3192
3219
2847
3152
2659
3273
3129
2429
3152
2855
2278
2934
3264
2291
2264
3019
3069
3365
2606
2601
2388
2205
2993
3471
2342
2645
3499
2282
2680
3424
2587
2551
2699
3274
2258
3005
2542
3198
3246
2217
2179
3356
3582
3070
2803
2590
3386
3197
3040
2867
2337
3310
2322
3003
2545
2197
3085
3175
2222
3001
2825
3125
2293
3026
2296
3007
2232
2816
3103
2453
3148
2791
2218
2913
3361
2258
3396
3562
3101
2837
2423
3370
3134
2344
2962
2915
2394
2272
2956
3026
3046
3076
2268
3161
3171
2260
2535
2926
3198
2534
3154
2258
2206
3113
2871
2378
3156
2363
3122
2669
2465
3139
2958
3225
3056
2702
2590
2422
2973
2633
3008
2892
3270
2504
3520
2300
2246
2559
2268
3271
3142
2310
2197
3231
2371
3430
3347
2583
2535
2957
2230
3193
2624
3008
2200
3017
2389
3288
2411
2418
3055
2391
2474
3354
3281
2285
2238
2317
3351
7554
2254
3120
3114
2233
2582
3103
2240
9276
3218
3095
2375
2152
2853
2792
3255
2262
3275
2235
3253
2538
2657
2587
2497
3120
2348
2226
4589
3371
2311
2216
2568
2226
2775
3320
2217
2856
2382
3496
2377
2607
3019
2371
3179
2451
2836
2575
3173
3210
2499
3010
2418
2975
3017
2461
3332
3304
2248
2220
2309
3025
3276
2320
2515
2786
3128
2825
3112
2199
3121
2245
2903
3271
2296
2212
2502
2236
2848
3479
2597
2538
3184
2268
2227
3261
2325
2187
12934
2178
2880
3418
2208
2484
2160
3762
2997
2599
2915
2533
3107
2371
3014
2317
3241
2539
3107
2421
3434
2555
2571
2954
3254
2983
2223
3021
3106
3106
2748
2832
2918
2206
2312
3258
2215
2879
3017
2588
3258
2326
2316
2660
3414
2974
2231
2475
3107
2474
3288
2271
3157
2379
2393
2611
3051
2285
3447
2634
2856
3726
2340
2218
2364
2334
2115
2411
4205
2282
2252
2469
2438
2694
2543
2217
3665
2263
3139
2460
2259
3892
2265
2206
2347
2626
2448
2550
3436
2320
3616
2243
26496
2492
2063
2977
2228
2212
2280
2610
2603
3357
2350
2572
3399
2344
2338
2339
5435
2428
2187
2170
2069
3261
2474
3213
2187
2856
2244
2789
2824
2400
3055
2541
3016
2596
2418
3223
2470
2862
2164
2280
2899
3060
2332
6456
2761
2895
2789
2347
3165
2900
2500
2881
2225
2495
2863
2555
3068
2594
3485
2688
2722
2892
2144
2952
2570
2957
3187
2453
3022
2200
2466
3419
3065
3013
2197
3021
2212
2127
2682
3705
2338
2713
3158
2439
3059
3946
2454
2227
2705
2459
3301
2234
2223
2277
2979
2815
2959
2167
2494
2954
2146
2943
2515
2415
3016
3165
2652
2131
3015
2168
2630
2770
2869
3123
2733
2524
2651
2195
2278
2111
3139
2182
2118
2931
2986
2840
2574
3405
2134
2277
3350
2110
2148
2388
3553
2585
3112
2219
2895
9864
2579
3047
2562
3038
2182
2897
2644
3112
2188
2808
2178
2840
2479
3143
2667
2882
2234
3208
2917
2203
3129
2316
2657
3206
2969
2155
3108
2359
2545
3298
2485
2913
2206
3072
2166
2827
2966
2806
2428
2972
2591
2084
2961
2172
2766
2824
2527
2582
3078
2571
2613
2639
2832
2662
2625
2924
2952
2685
2128
3417
2744
2887
2142
2715
3023
2722
2726
2296
2508
3102
2342
2867
2499
2528
2759
2882
2167
2094
2898
2182
3029
2520
2377
3691
2224
2695
2939
2735
2344
2139
3111
3261
2742
2145
2849
2565
2575
2146
3186
2148
3275
2578
2545
3159
3025
2653
2093
2644
3424
2120
2552
2703
2741
2131
3044
2120
2402
2869
2463
2770
3019
2336
2149
2139
3157
2922
2531
2980
7270
2827
2938
2171
2145
2888
3125
2308
2253
3109
3157
4454
3073
2970
2237
2864
2807
2231
2489
5536
2427
2099
2450
2557
2131
2564
2104
2001
4169
3523
2132
2722
7339
2955
2503
2917
2275
2378
3287
2179
2537
2527
2922
2556
2494
2606
2995
2111
2115
15004
2972
2916
2492
2991
2592
2162
2397
2839
3051
2174
2328
2096
1991
2893
2429
3001
2186
2351
2509
2335
2224
3280
2503
2081
2140
2181
2065
2372
2069
2711
2144
3194
2734
3134
2398
3005
2332
2383
3045
3040
2186
2933
2879
2492
2170
3032
2346
2996
2887
2855
2427
2145
2300
2786
2523
2229
2208
2633
2281
2515
2107
3139
2904
2440
2861
3041
2964
2772
2476
2719
2367
2655
3397
2832
2204
2164
2464
3100
2354
3094
2390
2126
2055
2193
2130
2021
2962
2152
3032
2294
2345
2897
2306
2143
2917
2158
3063
2640
2010
2689
2573
2154
2429
2679
2791
2212
3070
2340
2726
2631
2703
2799
2599
2888
2954
2922
3278
2119
2819
2564
2989
2854
2610
2778
2273
2959
2169
3211
2872
2170
2818
2943
2598
2107
2434
2913
2840
2216
2298
2134
2431
2329
2753
2133
2447
2222
2475
2325
5009
2484
2781
3554
2958
2210
3394
2221
2515
2543
3439
2403
2936
2289
3317
2981
2149
2083
2198
2154
2677
2323
2188
2282
8479
2537
3577
3422
2863
3194
3124
2719
2362
3150
3015
2993
3024
2118
5217
3135
2513
3107
2365
2864
2806
2539
3130
2159
2430
9082
5685
2509
6950
2439
2860
2142
4650
2287
2574
3471
3074
2850
3420
2411
2126
2316
2234
3378
2964
5165
2947
2909
3107
3083
2698
6230
3057
2114
2779
2933
3095
2869
2764
2909
3789
2473
3474
2573
2186
2510
2301
2995
3340
2660
2229
2976
2814
2489
2481
2169
3394
2399
3223
2175
2724
5488
2884
2582
3200
3140
2638
3159
2506
3187
2843
2978
3248
2946
2736
2391
2984
2994
2177
2890
2641
2883
2367
6878
3216
2166
3315
2418
3065
3307
2751
2769
5065
2148
2380
3234
2241
3053
2434
2996
3063
2869
2326
2958
3271
2567
5244
2964
3371
2885
2955
3262
3122
2739
3444
3422
2828
2506
2935
2151
2943
2299
2935
2611
2580
2960
2156
2697
3055
2939
2529
2822
2829
2980
2698
3006
2749
2949
2303
3088
2687
3041
2896
2377
6229
2874
3667
2361
2686
2838
2912
2897
2758
2716
2822
2666
2935
3111
3218
2162
2950
2896
3150
6364
2194
2760
2733
3068
3266
2706
2814
3025
2123
2888
2785
2649
3711
2813
3170
2558
3052
2322
2109
3265
2770
3156
2181
3200
2784
2647
2792
2995
2435
3070
3023
2675
3116
2129
3158
2966
2162
2586
2399
3113
2723
2411
3100
2148
2941
2114
3356
2835
3166
2513
2711
2787
3845
5990
2811
2987
2943
2182
2869
3021
2403
2372
3116
2571
2601
2151
2893
2657
2666
2773
2943
3028
2528
2935
2984
2935
2942
2449
3075
3106
2319
3031
2836
2377
3634
2919
3285
2196
3447
2968
2464
2659
3122
2989
2656
2991
2896
2150
3171
3434
2803
2739
2777
2876
2605
2975
2907
2866
2372
2438
2236
2932
2967
2307
2492
2894
2861
3191
2895
3005
3323
2811
3117
2335
2840
2763
2994
2088
2914
2521
2107
3337
3166
2490
2084
2945
6412
2403
2600
3225
3264
2109
2686
2624
2835
2699
2699
2717
3049
2958
2828
2114
2768
2600
2954
2124
3087
2396
2949
2136
3208
2797
2495
2607
3187
2160
4169
4660
2194
3222
3112
2742
2813
3292
2118
2542
2465
2827
2430
2097
3027
3266
2187
2696
2668
3479
2389
2092
3294
2111
6693
2954
2724
2989
2896
3033
2144
2525
2611
2487
2825
2288
2809
2545
2937
2712
2441
12219
2947
3321
11581
2757
2634
2537
2967
2185
2877
2075
2470
3259
2467
3206
2111
3072
2089
2524
2825
2757
2243
2814
2726
2872
2424
2950
2348
3040
2149
2108
2857
2867
2580
2938
2683
2512
2927
3603
2264
2282
3218
2559
3253
2892
2991
2177
2500
2120
3048
2188
2449
2461
2736
2573
2318
2083
2834
2268
2321
3874
3675
2340
2464
2203
2237
2452
2187
2774
3551
3446
2278
3492
3024
2777
3142
2223
2417
2508
2176
3218
2153
2374
2161
3193
2381
2101
2838
2832
3073
2237
2945
2222
3191
2556
2184
3001
2855
3276
2595
2534
3370
2484
2211
2917
3345
2777
3287
2254
2854
2890
3608
2205
2915
2561
3015
2599
3133
2596
2442
2969
2977
2939
2636
3193
2191
2848
2320
2456
3431
2374
3133
2540
2328
3642
2506
2160
3038
2399
3269
2340
2368
2199
2776
2213
2163
6296
2348
3552
2162
2349
2595
2436
3668
2381
2303
3303
2792
2552
3202
7404
3182
2380
2169
3172
2456
3181
2229
3371
2470
2339
2160
2276
3077
2975
2784
2801
2662
2909
2877
2517
2816
2825
2885
2232
2925
2327
3062
2579
2473
2187
2600
2482
2202
5218
2967
2278
2506
2207
2192
2978
2427
2509
2290
3074
3472
2586
2176
3015
2291
3209
2388
2748
2201
14126
3115
2591
3132
2343
3173
2686
2830
2205
2217
3204
2985
2377
2694
2812
3159
2214
2476
9261
2517
2898
2964
2425
3136
2394
3385
2695
3112
2325
3250
3136
2313
2453
3196
2191
2908
2444
2530
3418
2615
2942
2508
2351
3353
2979
2311
2563
2241
3069
2375
2332
3385
2200
2867
2269
2165
3167
2521
2903
2803
3115
3338
2719
2337
3053
2726
3473
2392
2202
3420
2538
3057
3209
2682
2492
3157
3161
2795
2560
3659
3073
2238
2974
2389
2922
3081
2237
2444
2529
2477
2897
2362
2763
2728
2990
3138
2148
2786
2542
3245
2815
2679
2676
2890
2796
3045
2687
2554
2198
3419
2391
2713
2735
3244
2195
3234
2181
2523
3003
3135
2270
2180
3173
3185
6363
2990
6875
2725
3244
2628
3192
2803
2184
3515
2898
2261
3057
2217
2793
2736
3297
2953
3191
2216
3332
2732
2295
2185
3224
3252
2278
3308
2449
2864
2874
3021
3089
3149
2615
2553
2804
3133
2405
2105
3261
2220
2896
3087
2211
2970
3079
3026
2561
2274
3463
2294
2958
3127
3250
2321
2917
2613
3364
2583
2175
2544
2655
2156
2322
2282
4899
2529
2273
2149
2850
2470
3444
3089
2304
2174
2625
3232
2468
3058
2220
2623
3215
2950
2166
3270
2618
3365
10792
2159
2299
2795
2144
2341
3126
2717
3034
2264
2663
3062
2674
2284
2936
3027
2953
2230
2331
3130
2953
2275
3156
2170
2794
2469
2442
3767
2970
3127
2699
3190
3102
2812
3066
2304
2163
2540
2370
2822
2128
2940
2231
3204
3385
2202
2145
2460
2307
2830
2665
2781
3183
2458
2804
3001
2870
2181
2133
2955
2371
2983
2421
2981
2141
2909
2114
2861
2491
3478
2544
2159
2687
2850
2756
2932
2736
2523
3054
2986
2379
2723
2178
3485
2746
4548
2708
3286
2397
2121
3063
3262
2189
2289
3002
2195
3064
2119
2869
2904
2557
2144
2770
2922
3181
2301
2893
2548
2118
2831
2495
3085
2959
4605
2941
3113
2825
2922
3017
2580
2989
2504
2160
2807
2867
3276
2353
2963
2131
2350
3167
2719
2157
2095
4573
2999
2580
2951
2158
2383
2676
3473
2165
2977
2150
3080
3172
2282
3276
2164
2813
2154
3388
2387
2901
2892
2565
2771
2266
3107
2848
2181
2529
2887
2838
2232
2837
2112
2913
2187
2835
2190
2618
3126
2130
2321
2815
3391
2396
2128
2931
3085
2525
3030
2945
2265
2950
2071
2996
2184
2537
3205
2400
3955
2245
2960
2564
4420
2371
3117
3047
2352
2386
2107
2150
2978
2556
2118
3058
2175
3337
2253
2881
2712
2705
3095
2165
2090
3067
2455
2836
2267
2315
3566
2481
2158
4966
2945
2383
2625
2930
2548
2937
2989
2855
2226
3070
3233
2243
3392
2156
2636
3038
2511
2137
3392
3431
2176
3009
2081
2454
2922
2463
2868
2169
2638
3026
3098
3305
2165
2734
2316
3114
2214
2975
2227
3403
3330
2708
3198
2597
3239
2153
3089
2505
3370
2729
2942
2670
2583
3394
3140
2408
2158
2924
2156
3199
2632
2727
2576
2839
2922
3240
3169
2191
3300
2202
3388
2870
2581
2141
2512
3369
2639
2849
2781
2203
2994
2138
3237
2639
2319
2832
3021
2468
3068
2142
3406
3484
2251
2425
2550
2937
3224
2717
3192
2263
2929
2380
3263
2162
3285
2524
2242
2277
2799
2144
2146
2615
2149
2425
2442
2285
4840
2518
2759
4914
3083
2362
2621
2212
3490
2778
2073
2275
2380
2179
3794
2171
3421
2087
2241
3335
2164
3441
2493
3387
2854
2276
3115
2258
3763
2850
2446
4348
2766
2863
2602
2774
2881
2318
2198
2294
2277
4596
2981
3095
3527
3028
3033
7101
2487
3511
2835
3240
3033
2564
2950
2922
2792
2830
3092
3243
3415
3070
2266
3115
2201
2356
2325
2451
3311
2512
2516
2381
2319
2472
2164
3097
3061
2491
3105
3196
2795
3268
3191
3117
2756
3068
3279
2359
11665
3246
2286
2190
2985
2259
3070
2938
2751
2900
2328
2818
3162
2342
2878
3178
2735
2780
2894
2274
2408
3167
2541
2344
3109
2656
3001
3162
2234
2921
2798
3135
3135
3464
6433
2924
3078
2252
3192
2474
2822
2914
3236
2846
2894
3015
2641
3191
2217
2489
2834
3306
2880
3237
2796
2878
3230
3118
2559
3146
2363
2701
3270
3047
3002
3114
3520
2249
6642
5085
2365
3172
2771
2922
6284
6097
11728
2872
2231
3445
2225
3409
2198
2937
2647
2577
3085
2187
3432
2881
2610
3308
2950
3098
2666
2314
2539
2580
2981
2989
2752
2231
2903
2219
2954
5025
2710
2819
2869
3541
3278
2642
2861
2406
2178
3155
2807
2377
2184
3303
2678
2604
2393
7107
3148
2560
2305
3257
2834
2421
3270
3071
2519
2714
2761
3269
2754
3142
2432
2992
3385
2610
2997
2676
3220
2518
2909
3192
2831
3119
3043
2221
3015
2921
2973
2591
2196
3019
3348
