3 total request(s) per second
1121825
1123330
1000013
1200432
1147580
1150354
4207324
1048452
952067
1240051
1026190
882711
1386052
1017412
993165
1157834
1094104
949318
1237081
859569
864522
1194454
1097164
929783
1158903
821704
896090
1198315
875020
831495
1717380
1065348
1612213
1111239
800125
751655
1040240
1017244
918176
1198602
1012915
1041582
1076671
1079934
939355
1013522
931780
1036762
1164247
963385
1075266
1125652
960091
946680
1076391
949825
873620
1104149
964200
951095
Errors: 0
1156936
999576
858489
1199821
1043718
956355
1080898
916990
947260
1032798
929125
816620
1153291
1045154
919608
1171132
898198
801454
1141352
1159672
939993
1056239
917595
932235
1186672
945877
943751
1133417
909018
939630
1045631
1081740
998426
1105418
896217
903983
1076138
869294
965171
1070532
1013064
984820
1050889
921893
928990
1170745
995334
958350
1038038
987842
916723
1118345
1036885
859236
1045586
871178
871884
1160933
953775
939390
Errors: 0
1125684
1079176
984870
1043371
1074192
942334
973309
942076
841815
1060650
874137
870140
1198459
1013204
965551
1054345
969334
982194
1220585
959015
1012866
1103840
894535
851976
1073264
987937
928002
1181394
997308
882568
1018825
938814
909914
982420
911567
907935
1124961
935740
866248
1110385
946710
966347
1423131
928097
1003199
1115537
864658
940580
1171974
917843
874134
1181070
972997
975566
1113002
900763
1045019
1061383
888104
894006
Errors: 0
1196603
1008896
986167
1115527
1055184
1046407
1132275
949374
974802
1140084
905120
966948
1178486
1062759
909475
1140344
951290
973231
1238240
910464
952147
1150554
1163801
4003626
1045250
999734
978747
1148797
954017
896814
1010242
922674
988074
1017006
811089
822959
1105362
1085659
939872
1029057
1149831
989183
1070845
980501
1002677
1094868
1064638
997184
1154319
815409
876954
1060749
1312402
949922
1096722
952186
937788
1168271
959736
942069
Errors: 0
1382201
1034002
1048967
1162624
896282
863866
1082800
1032656
1094637
1281411
1135757
1120284
1179790
1201307
990352
1144460
984789
1007195
1102984
878379
816718
1255774
1013641
956534
1062594
1035686
863601
1393123
1194422
1046600
1219264
1128859
2314367
1223389
958970
840751
1195336
973786
925304
1122374
901307
982271
1172207
1064536
914144
1157715
942310
856951
1347737
987073
868632
1136332
932386
858867
1122323
904117
862350
1269031
1026971
937162
Errors: 0
1248932
902096
984435
1203440
1005143
965810
1139434
931388
1130142
1156666
939624
1041741
1107375
876403
892697
1214334
956802
862998
1181800
921056
918603
1199945
985026
1066970
1181242
1013738
1002652
1318340
927260
934203
1119757
1059637
1004638
1259027
954943
1022444
1332593
962720
952728
1114654
984114
944998
1061933
1059301
880084
1241687
1134918
968775
1193577
972026
845643
1015649
1154788
947094
1133664
956129
951020
1254064
927808
989005
Errors: 0
1097093
909843
877680
1107742
961390
893770
1057053
983804
958457
1032858
879713
910370
1151188
1230441
1119621
1150175
1022726
1053410
1270179
1037481
966630
1119773
883360
940184
1208096
1130442
1070989
1097564
977180
944659
1227805
1153417
1185544
1105909
994348
971219
1186369
1018709
891416
1351021
1045543
981196
1083362
978093
969541
1266244
1034938
997228
1181010
1038956
1072539
1401557
1371462
1079251
1500032
1082086
1026019
1203594
995963
938145
Errors: 0
1452157
920538
1033554
2486181
976730
1078169
1031816
921409
843931
1140852
957667
911705
1183187
842981
820709
1272895
1047344
918474
1022943
797085
801989
1194850
971931
918795
1083979
852726
848564
1183727
1050549
1108810
1165501
907333
987816
1092856
956955
870083
1152905
954037
935093
1159130
1067568
1009212
1203289
1049492
892569
1035032
828179
761294
1423285
1030389
1220118
1168023
1112279
1001359
1287150
1073433
960788
1149581
900630
2420199
Errors: 0
1026295
909590
731194
1206965
1162429
1059680
1134689
952890
852166
1294693
967297
1170489
1008422
985839
945497
979549
877669
879670
1157172
983076
944187
2302989
2849860
1722907
1386565
1382946
1080416
1178911
1004712
880448
1454720
980360
871289
1222441
981163
826848
1019978
866077
865552
1296484
1002838
931424
1148108
842354
741458
1139874
822465
788544
1313529
962895
868205
1072050
802774
1116745
1037019
966872
832093
1124856
966396
892761
Errors: 0
988490
1123355
1010425
1046536
958750
973135
1079034
927979
845649
1258736
1001813
901359
1184274
1133555
1154469
1753998
1471675
1450072
1201187
1091061
1057360
1110358
1073265
992888
1293564
1307522
1054026
1228425
933904
842637
1132582
1022984
1187557
1219667
957450
971760
1109564
990054
961043
1420092
1131097
1057969
1227247
966709
936447
1163540
914435
870445
1750335
926202
956088
1119637
981658
1024552
1113516
945792
953482
1147480
906698
936979
Errors: 0
1029468
877263
903738
1056091
998995
1135192
1151785
1011031
1086515
1211771
1004698
996625
1166868
945345
905217
1070904
1020550
943623
1185092
1085936
1544619
1203783
996659
947125
1266648
1083125
1014304
1304261
1145874
997050
1122903
1111614
921447
1071891
816780
973514
1076877
970082
852489
1094750
1022355
984947
1178856
968705
1010163
1159132
1077559
1015123
1107904
1028733
981245
1163750
1146564
918568
1430086
1116035
1162554
1430691
1289947
1068787
Errors: 0
1325972
1082867
1196316
1204593
1043266
950143
1130615
1040064
890935
1148655
1033813
965237
1067430
999623
959923
990731
961086
931676
1123801
943740
882512
1080065
1183557
1067859
1309432
999297
894433
1120653
1064551
912842
1104435
1060303
1355297
1171527
981899
955983
1085224
967534
1000696
1143051
935181
897874
1373221
1115107
967263
1150243
894226
859088
1185894
1025355
909870
1077996
959755
983544
1261798
1041445
987510
1080834
998007
981272
Errors: 0
1284554
1073072
1117652
1088692
975723
991079
1191822
1188731
989742
1320189
913635
938187
1175757
1133335
1116335
1678014
1022355
1219218
1211519
1150820
947538
1101323
933150
1022074
1178704
1085861
1127726
1234985
1042586
1072895
1078327
983347
985732
1101723
1013535
965943
1186431
1095000
990099
1174870
946400
893836
1041399
978171
935715
1044401
1056915
1016299
1208026
1025398
1029969
1080186
1079154
899979
1198254
1129909
981316
1271280
1144642
1024997
Errors: 0
1206815
989257
972931
1151410
1020759
901110
1173262
951238
1122857
1487573
955177
985796
1198880
993943
901770
1162878
983728
948937
1131087
948894
921494
1053233
954385
967715
1190631
1053398
1065544
1353003
1060689
1112559
1148304
1199426
1056032
1222905
989676
944180
1268323
996029
1035912
1178590
883632
864262
1169550
998842
977549
1251400
1310731
999061
1268125
1001551
989813
1017819
1026474
1031088
1165120
944991
1068432
1086967
990840
876006
Errors: 0
1067660
1107435
1177620
1077121
911036
887937
1105330
979195
848215
1062287
1015906
948240
1000915
1011306
933351
967891
877180
946786
1092116
820726
836105
967668
889407
864280
1161433
992057
893964
1030971
916995
913276
1138811
950122
960301
1183832
926687
875914
1054859
994062
896510
1101327
1094053
1001935
1012816
910545
1002707
1078168
1121122
901407
1109162
958786
986127
1018087
891328
965442
1132873
1082158
967120
1052046
884337
893864
Errors: 0
1056880
883352
831561
1188312
1047960
1002564
1040287
1006645
926006
2132894
1208781
967636
1248051
878124
983510
1112425
949543
973837
1083446
897245
847584
1068608
990304
940993
1177980
1097136
1804486
1135075
972011
907938
1026780
937770
951841
1053738
995383
938147
1093042
951718
953031
1302066
984742
961839
1294613
1009257
920689
1124472
962249
959435
1144696
839577
1038892
958402
804433
886465
1106058
898567
1018491
1021549
914169
933136
Errors: 0
1044742
836308
744547
1095894
1003993
951216
1544936
965231
994387
1268474
967831
878667
1073034
964802
874909
1065756
929883
853213
1100023
936549
925781
1052511
953184
982349
1372344
1023978
922908
1136444
835556
916722
1182110
1072245
1001448
1171320
882941
915131
1059705
956920
1147802
1211493
992026
878176
1153973
936944
971149
1125133
930908
955088
1053638
1022884
887103
937894
890145
872139
1023338
956607
866334
1069423
969832
928509
Errors: 0
1155050
1056692
966190
1070651
968249
871284
1039851
934321
908674
1071554
932097
918814
1078739
990761
902283
1122054
978571
885117
1085595
1009360
928784
1120622
993530
947309
1064238
903200
866725
1296269
1170974
972349
1081687
1065475
967780
1160235
1021815
931555
1018511
929441
907167
1088028
922924
920326
1015898
901400
932646
1010426
892252
950237
1065273
1015251
928947
1019841
904748
956476
1160673
1045243
1154508
1025859
934996
892945
Errors: 0
1052626
926976
900047
1098815
979886
917490
1101442
876213
860936
1230084
990860
934740
1025716
1021501
990153
1013523
937506
915569
1029708
863030
994405
1028414
1075217
950480
1117000
1024400
990580
1095959
851777
1376382
1014895
1000996
1416859
1006582
869572
1365638
1148280
1003892
973900
1057270
918264
848595
1200602
996217
974110
1047420
875000
944009
1159391
1003383
963953
1050180
988885
987597
1003237
931734
906932
965126
906669
873959
Errors: 0
1145085
977456
926557
1217988
893660
873480
1034534
902656
910350
898052
863240
885075
1123163
962783
944125
1082034
938839
1064910
1136207
970960
922847
1133712
1080749
1077555
1172611
1042036
1010541
1084232
902096
885932
1089285
996990
969369
1026872
974469
1295308
1290141
1203177
1195935
1191649
1022773
1000345
1316984
1068215
1018693
1056447
845582
966329
1066609
973950
943793
1093900
1028339
893021
1122961
884971
860344
1132890
1232477
1036054
Errors: 0
965264
902685
914402
1029775
864173
811179
994158
833852
936665
1044089
831216
780851
1194885
908906
860540
1062184
1044979
905414
952908
888835
910358
1071084
872603
866269
1081594
859737
944378
1048975
962417
944291
964649
758219
873183
1034338
753267
775638
1045956
922514
972882
1049822
888749
792237
944815
898439
905056
1021850
790289
934372
1007138
783883
726608
971302
1038626
897020
1129832
1139831
884632
989800
813936
875925
Errors: 0
975543
771692
857146
1099467
998472
896816
1009137
807345
863816
1050882
959254
1126458
1060755
875681
867109
977035
905582
865434
1014517
948231
794598
965079
908731
912551
1105569
959405
947384
1065095
933365
950207
1149540
920907
860892
1110833
951556
979903
1041418
873693
919470
1115357
997367
946056
1101415
952890
1065635
1047363
946602
993365
1027581
836942
867613
1009864
901163
909178
1149265
943470
922973
1101716
1045271
932085
Errors: 0
1100578
972743
905136
1108412
915964
921528
1063842
954548
919334
995601
848152
923990
1054941
958047
886739
1053492
978872
952369
1006091
923730
840024
960557
855969
872146
1058976
1092623
1040877
1108169
986552
971147
1015783
890844
873779
996628
820846
795714
1053310
1021700
967143
1127125
899352
882120
1043570
966618
918706
1137242
994168
1024651
1021091
1035272
909898
1054470
989428
998414
959351
997868
918530
1082432
895355
990007
Errors: 0
1055492
956818
1139626
1113917
1009722
956107
1085341
870833
913198
1075478
1039126
908499
1174193
1229364
891378
1166549
1053990
916835
1056312
1047159
986142
1026034
952628
990870
1128245
946453
902587
1093712
988013
984962
1040034
1009038
866630
1121861
1018582
863662
1067056
946531
923281
1117276
1023495
1030114
1062128
923815
867172
1054466
874588
904555
979650
865307
816942
964425
832681
787610
989392
858152
865236
994327
812647
845425
Errors: 0
959982
840098
810592
967530
864085
792033
1155125
908479
869910
1059489
809321
854539
1004409
932796
877398
930026
896148
817973
1013019
814081
723347
1210990
931802
972189
960358
769608
818849
1079017
858359
752546
1031837
960835
959258
1118782
853931
783790
1019143
819428
813932
952318
868434
837657
1026615
774760
763287
992194
810386
710710
1135061
833692
767491
1217524
835534
830242
971382
772579
895655
932820
937991
902405
Errors: 0
1020715
817484
906783
1216886
938505
886164
1212573
971402
923553
1028000
803838
826606
1196540
973642
1003162
1225335
857326
857250
1126292
874139
936212
1183535
939231
904642
1015893
828231
780463
1046094
919145
907975
946338
781091
909114
1072543
768687
872153
1014567
946025
835371
1073310
1180621
984369
920211
928550
815907
1177660
1012886
940075
896024
711000
769761
1146115
876623
3919320
1123367
871704
860729
1063350
884777
825326
Errors: 0
1166121
816510
795306
1125875
820145
756098
1278587
1571891
912692
1062967
895271
779016
1632567
949690
1032327
1108882
822546
867950
1100733
928112
812544
1085457
818201
865140
1172731
855313
851235
1201504
926438
907883
1148775
887913
878053
1213500
824059
988964
1134030
895320
888446
1070503
802093
907044
1038000
917798
920754
1022957
846118
832515
1006553
864270
989851
1114247
823056
959548
1062383
929101
939080
983725
934988
993891
Errors: 0
1043976
805011
875266
1128078
807088
822296
1114941
838358
926571
1192784
927414
856212
1060653
783618
913345
1057605
852951
852488
1122566
884373
989343
1218751
949757
898971
1064302
944550
892498
1056617
873059
889775
1019207
824919
834360
1143569
1047719
820173
1105511
960899
887481
1105498
871427
861049
953896
908546
909893
1109419
879548
782883
1244651
1084238
764201
1110842
1071664
959915
1104371
849768
880513
1070900
866120
843931
Errors: 0
1101996
934437
928751
1108709
918168
982043
1154301
944211
914553
1018347
992107
923269
1142329
1018858
922148
1137824
983884
988757
1044621
1067146
927809
1190020
996099
953166
1057353
811559
767182
1113434
1008381
976059
1079521
778026
788872
1086553
891642
883053
1064861
866472
788424
1047820
927971
967238
1074295
1011650
992091
1038762
928122
908958
1152675
878706
787894
1063318
862899
970381
1198704
1001397
1065350
1107764
975180
919850
Errors: 0
1116277
1032809
954002
994270
1013251
869602
1158747
873309
967028
1023460
954251
919138
1103368
906150
864366
1055879
867258
928241
1181221
950837
1137277
1105142
950459
905378
1065174
895278
964957
1120702
868516
995988
992624
973868
1167297
1140909
1234787
1139310
1120262
921711
878055
1089826
856214
938998
1095469
993371
906328
1160060
1097238
1048165
1117710
1115945
953063
1125456
1016669
1106237
1159285
994404
910979
1112152
918440
985485
Errors: 0
1268188
1029378
976570
1190331
954224
942822
1161277
903116
911242
1118198
946943
850687
1257434
1045154
912923
1191192
1128881
930320
1035826
966772
944001
1187191
1006928
925543
1192987
969064
894506
1131174
891276
901693
1179610
954697
965616
1105365
1041890
861787
1166718
1022564
1024945
1102697
935754
1021584
1059105
961750
967354
1041121
864934
808250
970767
861008
879978
1115291
998890
985434
1053207
983727
1016355
1158387
873825
825250
Errors: 0
1161573
968820
1029187
1004555
881710
783801
1187024
1036304
1021068
1057411
958678
915745
1112973
941961
972988
1043454
909587
1020965
1142809
859517
901858
1220838
940187
977216
1127635
903492
914386
1174196
854353
861016
1008740
918500
959030
1117660
714704
581650
1046319
854316
792836
1089837
994932
961323
1098131
833274
865891
1122142
906912
900130
1250437
840236
878305
1162716
1038879
880969
1098221
859381
811082
1104201
913328
842786
Errors: 0
1089579
805673
880896
1075002
791274
840544
1218279
964161
943227
1150898
893037
1006968
1068397
925216
855499
1108979
911378
823727
1064192
920103
964342
1141931
836601
789958
1178325
946909
814144
1109785
865170
861347
1090919
1007201
878539
1128008
921523
846784
1128093
944700
878817
1164313
1069332
980289
1140013
862484
935306
998482
903959
957460
1109744
1019305
978655
1120216
930045
862650
1101149
929588
897633
1157483
1006512
905661
Errors: 0
1069150
976387
1058602
1050280
988221
865310
1064411
889647
926412
931309
939808
892383
903163
929837
1012562
1125771
825037
825214
1138510
908298
942725
1090120
974750
824273
1022202
878111
868571
1190242
968620
898389
1159770
908532
860464
992651
827798
802001
1061834
783118
759784
1058394
792377
803317
1224882
784816
847503
1062744
900745
795249
1043061
799002
936679
1117837
817185
935759
1011494
823896
840124
1052148
1004515
973770
Errors: 0
1131800
868387
808513
1042098
822489
774496
1282716
942055
965987
1073266
1003270
930697
1146158
848720
743180
1029164
814591
932689
1156837
830128
828118
809502
919227
939273
973304
875385
928199
1060686
849654
982860
967713
807309
883149
882282
736231
758756
1001787
895589
836186
945869
779586
814823
1035613
867265
891320
1122521
987240
938271
1138359
929659
963626
1260085
981553
915394
1096144
1058397
981574
1231143
1224261
1287313
Errors: 0
1103969
1025868
992065
1023284
955826
1040150
1150094
1057586
942772
1069379
1016471
1132304
1116197
950670
1059896
1163092
958959
1002318
1116306
917829
926771
1129045
954625
947882
1067263
1005975
905106
1077394
939435
913588
1215739
1058187
1046577
1088941
948070
1000534
1203187
1002794
1106782
1218612
1044948
999813
924106
806438
951224
1226137
982409
992854
1160334
933226
918769
1251626
1094967
922097
1218427
994274
1013996
1294712
1012576
985806
Errors: 0
1378055
1082844
991877
1126375
1144332
942983
1243467
1113556
1040049
1136060
1055416
1018807
1144604
1043813
971478
1263165
1093376
981451
1045073
1025157
1058823
1259759
1091084
957511
1098226
1048602
971041
1280411
1292065
1431232
1140347
1081396
995284
1063019
821945
924968
1113593
932421
942574
1198076
1027150
1123027
1111419
1008088
991522
1186849
1016213
1005245
1296627
1023129
1000867
1256597
1073975
1183697
1202204
1077655
976760
1466255
1078447
996512
Errors: 0
1095771
933207
912348
1232678
968149
1091385
1176651
919406
1010538
1179032
941977
930984
1078668
1024852
936832
1091908
1004107
991415
1212567
997693
955817
1231176
865132
984038
1222868
1033934
1070813
1209363
962220
1019321
1099685
1031360
984157
1117120
1001989
982486
1149888
1079500
1012564
1257499
1050271
997149
1176560
943412
1103870
1154687
968204
946011
1164689
1059385
1080021
1044096
938703
929861
1070769
792541
796565
1217014
985075
938174
Errors: 0
1137298
906690
887392
1156895
950707
940286
1168767
1000703
974355
1295014
929236
992806
1122537
985421
921823
1195141
941683
875091
1057806
941123
849429
1043324
861502
867404
1261298
902684
930434
1158218
982619
934228
1280475
1133391
1150256
1159342
945616
962219
1171376
829495
1024007
2735006
1234726
972939
1258667
1031314
1146722
1282644
1026783
1005084
1185997
1160077
1088400
1183725
998858
1010346
1212167
1047335
1035373
1217049
1008059
981478
Errors: 0
1356232
1136238
1021839
1275901
1177022
1221156
1407092
1031046
924251
1207805
1071768
916394
1118062
958625
778068
1077992
844905
852832
1243007
826035
726520
1154262
906429
960308
1169890
952171
841313
1177037
971799
933060
1202237
954372
909727
1107813
914940
887364
1191501
857364
1803670
1152624
996649
914038
1140069
957217
909954
1164495
876035
973145
1178167
833521
982991
1236187
957442
871562
1113167
847768
801236
1124952
744850
885411
Errors: 0
1357491
1059362
918836
1426268
970454
878472
1246064
1031223
900595
1143014
924115
907384
1131495
803659
838117
1245300
963726
881534
1210265
858995
877164
1215459
844186
925317
1107843
882540
1001706
1170989
874205
924740
1227345
935006
972246
975657
876017
854127
1144746
940324
858775
1060004
940104
846291
999061
887311
844369
1162424
893991
918241
1057132
798589
707415
1057420
898100
884317
1077421
1003894
909572
1230046
1138126
929540
Errors: 0
1079470
883106
778518
1103056
1046010
1059960
1147771
1057181
1054376
1107938
859305
908969
1273446
989592
997888
1134727
887879
868797
1319564
964398
842827
1195048
823740
999226
1231328
1064877
1127885
1207449
959495
982699
1294663
1023044
1741999
1176196
930514
820582
1088059
942935
813679
1083734
941918
1190094
1213919
985037
969820
1184056
860142
925671
1058595
967053
947691
1234350
988486
1221537
1113715
972811
884074
1243203
1024635
1072154
Errors: 0
1176263
1045725
1023104
1196445
1076679
1028223
1277743
1055666
909074
1097610
943755
949005
1193529
988445
1059170
1300600
1137643
1221554
1243757
955773
1030117
1147873
1030765
900636
1191048
1066656
1005680
1073912
976203
1118681
1170151
1031730
999026
1095731
940588
927468
1173741
1160188
946725
1063506
1116612
1068776
1118348
1024663
966311
1043301
771649
923582
1863106
1008246
1036994
1214873
1002066
894088
1040465
1033532
837175
1101410
994573
909648
Errors: 0
1022685
927615
832294
1215647
1104819
1018190
1138039
906702
889208
1035522
901602
896425
1065825
964976
957573
1171468
980461
909330
1272049
946586
938450
1201927
984154
956545
1238049
881957
880555
1672271
944448
894020
1174143
1008717
922163
1054288
946185
922488
1315965
1041439
1028584
1072788
851025
840912
1233502
1129576
1062491
1342785
946029
833608
3256256
2051991
1955572
1133691
1121122
1001125
1361408
915671
949266
1283537
1193174
981237
Errors: 0
1416689
1275986
1082532
1195070
1019985
1040443
1161230
972735
970307
1128887
937867
966818
1156953
929902
912890
1118392
887175
840031
1138272
1075652
1032332
1039295
914413
859558
1291513
918621
947761
1101524
990951
991688
1105794
897400
955397
1055437
944750
940337
1043722
964456
881783
1064920
962762
932377
1028815
932063
825321
1104306
956527
973705
1078237
980515
900875
1037815
937764
923200
1045169
963857
864281
1073096
835544
932194
Errors: 0
1147432
855561
901883
1231013
1050137
996375
1156692
1097582
1038493
1093564
922261
955702
1159736
1019780
979913
1078813
979062
987216
1218125
930780
1052986
1135577
996980
933623
1104137
932671
962977
1065423
878740
957429
1203140
1006006
963225
1076105
980870
965641
1323571
1025447
964549
1091922
1016936
949213
1166929
1033380
953875
1140413
985553
923893
1031553
957621
968345
1077004
974707
990997
1031332
898320
821943
1034164
859998
914549
Errors: 0
1201037
904271
914108
1097730
990708
974277
1165475
875375
843862
1240150
1171960
1150499
1110207
1042137
976698
1132553
1015144
909352
1144467
1043919
933456
1180702
944708
804761
1114584
1038320
947138
1098726
939333
956564
1154370
932591
884438
999184
914721
763611
1104586
1302272
920406
987177
909578
909800
1086966
888328
825791
1118687
950075
920428
1080458
919386
988185
1168367
953108
993296
1073462
927469
868204
1065586
851464
846045
Errors: 0
1095534
876184
816370
1002892
882117
1020176
1085384
841666
905893
1136445
946883
938490
1041494
881228
877937
1261550
900505
988753
1102487
904212
888730
1055578
1068987
905099
1220241
1039440
1025830
1105855
1083715
965828
1084889
1036163
947194
1175167
1021529
953444
1215277
1030914
994033
1107281
1096630
997586
1171676
1044932
1072073
1163665
1104874
976366
1181568
1105446
989107
1196457
1000872
1024204
1320760
1163377
1180918
1270394
1061578
1091785
Errors: 0
1203688
1156112
930704
1262801
1103424
984352
1175869
1002260
1092327
1253105
973193
1061046
998144
970263
981023
1108596
978561
940225
1240065
1018489
1088749
1251719
1052244
1080911
1229685
1393199
1071571
1831755
1564225
1393372
1349826
923278
984014
1220366
1016408
1049703
1132811
929840
1079155
1137295
1291766
966209
1148433
949119
948908
1161478
1005361
988885
1145805
904310
974223
3453624
2604775
1006558
1226012
966200
952777
1279174
1008194
955154
Errors: 0
1184452
1036482
1275158
1033848
942000
927127
1189397
1054127
909217
1171603
829139
891778
1197332
1012457
957026
1027245
879318
973331
1084747
984457
943321
1045168
922298
934218
1103970
830740
789341
1080965
829252
821131
1137295
991583
826519
1152271
863007
792053
1188207
843519
843992
1102475
834883
791642
1050094
847931
871250
1195559
866275
891368
1208912
916265
905294
1498496
1077718
994969
1115791
857380
788481
1162212
928791
1248216
Errors: 0
