1 total request(s) per second
3324304
3436450
3417767
3346400
3216961
3301065
3429766
3461829
3586414
3447443
3434278
3508216
3602106
3299881
3454874
3574128
3403298
3280325
3418537
3345229
Errors: 0
3292661
3312290
3382542
3356120
3692630
3242071
3447839
3378129
3394937
3558774
3240497
3229576
3277195
3081100
3849605
3331946
3207215
3377550
3176108
3489469
Errors: 0
3326685
3398077
3373116
3224444
3645371
3340105
3320496
3398977
3224081
3350647
3187110
3199960
3236892
3351444
3514273
3215436
3141809
3252654
3242780
3139731
Errors: 0
3357559
3400724
3293314
3259524
3271427
3295553
3618066
3444411
3382430
3394502
3384560
3344490
3334932
3411977
3368953
3195322
3378002
3472659
3340565
3530848
Errors: 0
3607246
3691443
3418279
3569829
3448330
3798665
3300539
3537012
3465280
3465324
3517293
3173065
3469245
3548627
3262296
3185543
3113718
3285285
3338800
3432754
Errors: 0
3458225
3587241
3684944
3383738
3346921
3213091
3386584
3531718
3456275
3535207
3382926
3442252
4192654
3320620
3303001
3421847
4017828
3238693
3489731
3350955
Errors: 0
3615683
3552471
3631021
3394997
3487768
3518880
3576304
3475731
3522649
3597276
3297729
3381185
3484530
3583466
3515539
3608207
3598286
3302970
3615791
3269533
Errors: 0
3577584
3476423
3733270
3270744
3300017
3175281
3256269
3363271
3357324
3461902
3364302
3414619
3500597
3301647
3343706
3454887
3488832
3369030
3372579
3407262
Errors: 0
3547269
3770993
3470529
3474707
3471622
3459028
3580965
3937835
3474061
3466612
3511303
3395907
3406769
3368125
3533588
3275367
3376639
3364371
3349190
3582609
Errors: 0
3512411
3398065
3226542
3233800
3269761
4065378
3543251
3502399
3411919
3549161
3243905
3233721
3380649
3578699
3340934
3363221
3226446
3386941
3184187
3049901
Errors: 0
3173596
3218194
3613402
3499978
3358311
3430397
3536449
3510206
3708125
3369237
3526342
3280563
3540220
3345599
3499760
3481275
3505466
3439251
3376158
3537480
Errors: 0
3322417
3417324
3407173
3436091
3446272
3288339
3237829
3491771
3225212
3380254
3272596
3476714
3539887
3471697
3184332
3299324
3260387
3409394
3724692
3481528
Errors: 0
3677930
3454572
3352917
3329828
3329799
4810945
3271666
3304498
3400927
3610740
3220362
3654183
3392341
3349015
3306068
3232740
3303889
3515483
3506640
3372869
Errors: 0
3400930
3254328
3603665
3607407
3557526
3427920
3227223
3310322
3458372
3656417
3312839
3494816
3503113
3362707
3292723
4214385
3318942
3391126
3302779
3173826
Errors: 0
3374647
3306107
3535997
3184359
3322900
3199112
3276596
3208150
3344331
3336797
3249058
3159785
3299818
3210505
3097904
3538613
3378637
3264339
3256944
3212000
Errors: 0
3244148
3289211
3295521
3444980
3183712
3417851
3272742
3352007
3111832
3181807
3508926
3156193
3268031
3256927
3549257
3412130
3619434
3209213
3326222
3138336
Errors: 0
3295611
3273137
3364129
3390350
3176547
3203809
3250231
3221459
3279241
3443572
3356847
3223991
3378633
3213569
3201116
3357722
3180621
3180019
3206906
3560163
Errors: 0
3215342
3200434
3458551
3227374
3253775
3489296
3251958
3366569
3222823
3209303
3393682
3243997
3283281
3235033
3222607
3346078
3306293
3339505
3187777
3564009
Errors: 0
3254526
3305561
4007853
3392526
3378913
3376099
3386323
3326342
3235712
3504318
3217593
3278308
3377491
3525736
3472628
3257750
3400175
3597922
3317138
3214171
Errors: 0
3353500
3340212
3432324
3151694
3382956
3329155
3356634
3510135
3392159
3579946
3435011
3247895
3335637
3481629
3306351
3520468
3301406
3466969
3132217
3375238
Errors: 0
3429153
3186100
3317454
3368068
3292339
3278331
3134859
3574270
3197063
3324576
3317468
3114673
3272490
3518155
3313234
3423381
3251275
3181861
4375425
3337700
Errors: 0
3202758
3566799
3206103
3288795
3166554
3563951
3273300
3330491
3230643
3247407
3239968
3225631
3413360
3328425
3198758
3357637
2979817
3303299
3267554
3337521
Errors: 0
3371828
3275089
3178999
3244430
3258452
4345951
3376016
3178369
3219817
3219037
3336271
3147702
3280914
3378248
3205235
3271196
3300675
3272469
3184012
3170723
Errors: 0
3225704
3298843
3396601
3260831
3430866
3248677
3222333
3304953
3255539
3388008
3128210
3093156
3141117
3271007
3132182
3399370
3138089
3093839
3095257
3226625
Errors: 0
3231098
2968965
3331830
3443333
3177247
3395683
3342201
4469462
3250108
3617776
3265911
3306071
3344259
3297947
3258106
3181071
3248985
3245154
3092320
3091877
Errors: 0
3248170
3240313
3457158
3216190
3157963
3179176
3334818
3293816
3229507
3414056
3038157
3109378
3309091
3249859
3262798
3404581
3230299
3248170
3357076
3189152
Errors: 0
3366617
3238628
3532388
3381286
3357332
3165540
3078941
3298475
3480897
3284457
3231063
3214736
3528359
3224221
3292445
3128998
3108993
3308349
3298927
3157500
Errors: 0
3438736
3220315
3376981
3424868
3133164
3296807
3412327
3265442
3235888
3295969
3190021
3157471
3528547
3263308
3243814
3254254
3305242
3112302
3359250
3134911
Errors: 0
3330009
3236662
3264095
3287169
3262962
3424351
3165754
3432694
3487722
3331201
3422665
3106174
3560325
3206814
3567738
3143937
3285946
3259107
3299747
3745511
Errors: 0
3209143
3161994
3522871
3296610
3366214
3335811
3253011
3266059
3329953
3274169
3220004
3179577
3276004
3252898
3182298
3225504
3280122
3224482
3582854
3193032
Errors: 0
3456731
3195733
3253107
3258508
3357220
3486950
3432901
3309435
3426142
3180757
3302643
3088125
3444298
3268412
3235821
3359163
3023965
3427380
3310576
3250106
Errors: 0
3344602
3243806
3295431
3293380
3535145
3410362
3213810
3296424
3364233
3308938
3137761
2967250
3383580
3228854
3253402
3423314
3417242
3342648
3309472
3265761
Errors: 0
3306249
3065795
3388143
3523811
3533692
3347197
3185271
3222618
3511840
3332605
3559718
3163652
3323109
3315279
3504678
3263239
3514962
3314639
3544403
3423976
Errors: 0
3406182
3126501
3312550
3397974
3103849
3324890
3529451
3719460
3437631
3517148
3401142
3450322
3402522
3384832
3396348
3428742
3352757
3441756
3472544
3410331
Errors: 0
3288546
3516349
3348586
3222423
3461978
3482757
3510246
3057545
3455739
3397942
3289328
2749502
3290672
3325538
3418498
2784685
3602139
3670156
3376447
3194292
Errors: 0
3272037
3050696
3291131
3264312
3451228
3392331
2999167
3237864
2746456
3429769
3497261
3175393
3771411
3368055
2575383
3380639
3366643
2837131
3542982
3669074
Errors: 0
3978489
3627921
3348479
3368292
3106957
3260544
3027322
3447670
3383943
3861351
2729316
4347046
3330115
3607172
3419482
3262959
3296591
3289106
3309058
3959560
Errors: 0
3348150
3467758
3707711
3363835
3495056
3603147
3410164
3636303
3653871
3761686
3455677
3263435
3478760
3678535
3519668
3425412
3325667
3545473
3426090
3402666
Errors: 0
3409003
3743779
3618734
3496693
3469006
3811100
3350628
3310082
3397297
3614359
3434226
3749878
3427094
5249902
3982490
3465153
3351098
3382483
3384467
3415483
Errors: 0
3372908
3603525
3470144
3450342
3743046
3632443
3507095
3410851
3549325
3379987
3447106
3707489
3473121
3293075
3519865
3438074
3593219
3417077
3641088
3446691
Errors: 0
3716197
3764600
3450678
4249967
3526459
3508716
3419651
3541266
3484157
3430375
3438381
3331279
3339370
3279890
3410644
3572959
5438820
3431967
3171653
3536615
Errors: 0
3397147
3715959
3405817
3512939
3674223
3266354
3630482
3445883
3524816
3394494
3490156
3174686
3509225
3317588
3716078
3419765
3399838
3506098
3809832
3466950
Errors: 0
3198699
3419682
3419470
3906519
4324878
3808348
3680480
3868773
3679837
3263519
3401849
3346048
3268478
3245206
3536816
3308236
3140455
3345406
3271208
3426219
Errors: 0
3312885
3377474
3323894
3353546
3351475
3806564
3383707
3560275
3689899
3679726
3268182
3686834
3541120
3239114
3570707
3544707
3827313
3689065
3433813
3420228
Errors: 0
3549985
3349714
3532262
3420440
3430191
3337418
3372189
3728237
3676796
3609221
3459698
4282221
3210157
3435213
3252608
3431167
3383030
3422942
3255692
3326339
Errors: 0
3531924
3531520
3631097
3389010
3578744
3413133
3452643
3222412
3372654
3204580
3402343
3297327
3441170
3359853
3346681
3336506
3322716
3494261
3344463
3294676
Errors: 0
3608237
3425018
3740068
3554379
3373686
3257830
3346919
3580196
3441619
3303998
3286399
3322440
3280352
3139104
3284139
3312303
3399932
3330333
3321274
3210582
Errors: 0
3286621
3374797
3304375
3539578
3441132
3519577
3586845
3248027
3336540
3399613
3393801
3487947
3546263
3340207
3324531
3355479
3547659
3569543
3661100
3533170
Errors: 0
3590737
3521610
3741674
3394737
3337956
3335304
3449940
3311736
3223649
4468795
3560950
3340306
3039550
3298991
3258796
3461550
3328645
3368252
3443978
3453568
Errors: 0
3370237
3451371
3757279
3465250
3510882
3374708
3333822
3122023
3411504
3438719
3600085
3600258
3363078
3427437
3528435
3266811
3346686
3717290
3785570
3419968
Errors: 0
