24941
3182
2110
1652
1575
1629
1490
1464
1330
1618
5326
5751
5546
4620
4635
4564
4353
4735
4504
5238
4232
5254
4580
4741
4448
4225
4445
4561
7042
4210
4991
4294
5122
4560
5563
4097
4818
4519
5920
4252
5561
4259
4606
4099
4319
5482
5637
4115
4381
5926
4805
3913
4851
4527
5231
4483
4271
4681
4717
4609
4112
5154
4685
4108
4138
4373
3683
5517
4416
3767
4420
4416
4642
4444
4688
4545
4091
4545
3994
3855
4528
4051
3669
4264
3703
3916
4051
4374
4366
4495
4670
4519
3889
4787
3852
4165
4393
3731
4202
4213
4236
4333
4446
4075
4643
3981
4335
4392
4248
4355
4740
4114
4124
4266
4540
4765
4569
4218
3965
4677
4798
4161
4218
4728
4578
4205
4625
4348
4777
4529
4817
3859
4101
3832
5583
4451
5571
4900
4081
4201
4745
4360
4531
5535
4640
6968
4693
4492
4420
4550
5604
4155
3915
3855
3805
3816
5404
4610
4501
4680
4219
4641
3873
4281
5055
4850
4320
3738
4328
4433
4290
4344
4507
4664
5145
4860
4086
4155
4181
4464
4687
3847
3934
5686
4299
4576
4693
4614
4852
4483
4791
4799
4395
4084
4227
3769
4281
4425
4258
4107
4237
4580
4902
5097
4472
3790
4569
13637
3964
3740
5349
10235
4605
4400
4550
4954
4464
4641
4124
4522
4559
3883
4273
4080
3818
4090
3674
4407
3897
4133
4551
4350
4256
4068
4802
4435
4854
4539
4052
4252
3706
4327
3638
4268
4302
4034
4878
4406
19332
3681
4877
37883
4172
3984
4626
4056
4016
4506
3847
4319
3815
4626
3735
4910
4828
3903
3916
4057
4150
4577
4098
4243
5047
4255
4223
4772
4983
4675
3704
4605
4219
4542
5099
4754
4800
5109
4720
5126
4546
4814
4305
5207
4930
5269
4528
4765
5801
5207
5646
4441
5366
4730
4994
5361
5027
4355
5477
5881
5699
4387
4247
4891
4113
3673
3944
4497
4264
3967
5078
4160
4267
4532
4639
4442
3490
4441
3987
11281
3969
3903
4723
4483
5122
4172
4825
4177
4054
4660
7365
11507
4380
4265
4487
4218
4489
4410
4400
4532
4558
4144
4415
4464
4428
4235
4554
4608
5095
4688
4976
5225
4430
4348
4832
4716
4608
4581
4247
5420
4833
4337
4575
10034
4643
5361
5927
4238
4089
5056
4820
4735
4840
4801
5770
4747
6183
5431
5006
4920
4802
5939
4697
5953
4997
4805
5124
5114
5401
4965
5927
4866
6120
5784
5237
4746
4457
3965
4734
4617
4819
4618
3898
4789
4253
17149
4256
5403
5331
4851
4504
4541
3891
4517
4847
4915
4731
5029
4680
4864
4899
4310
5263
4473
5307
4182
4553
4490
4362
18732
5217
4641
4585
4584
4437
5344
4946
5351
4793
4627
4920
5396
4864
4858
4553
4355
4450
4420
4946
4062
4731
4258
4839
4840
5054
5075
5160
5387
5323
4917
5642
4454
4271
4823
4484
4521
5029
4793
4548
4497
4796
4601
4325
4489
4761
4004
4642
4591
4702
5665
4648
4079
4412
3730
4392
4593
4476
5396
4676
4585
4791
4249
4447
4892
4609
5957
4143
5481
4134
5253
4260
4925
5122
5349
4429
5374
4879
4393
4434
5155
4522
5066
4412
5031
4793
5160
4531
4408
5110
4497
4479
4435
5443
4195
5058
4793
4278
4920
5608
4288
4384
4822
4195
4889
4597
4049
4537
4863
4770
4133
4776
5052
5178
4735
4800
3945
3947
4910
4765
4506
5208
4485
4791
5686
4741
4706
4086
5164
4148
11865
4570
5315
9251
5573
4625
4913
5242
7347
4698
5968
5262
4628
5744
4755
4628
5993
5989
5008
5307
4933
4675
5123
4705
5311
5601
4863
5196
6049
4960
5568
5748
5974
5444
4704
5888
5984
6110
5252
6004
5863
4964
5457
4520
5481
5514
6114
5049
3951
5236
4598
4838
5322
4743
4657
4662
4655
4669
5041
4864
6493
4746
4818
5051
4844
4213
4975
4432
5714
4440
5289
4511
5953
5076
4658
5317
4148
4635
5028
5228
4918
5145
4605
4588
5307
19808
5240
5065
6358
4262
5470
5405
5224
4789
4844
5365
4868
4864
5023
5197
5096
4728
5300
4572
5302
5230
5143
5435
5587
4478
13272
5930
4896
4653
5254
4604
4450
4538
4426
4427
4273
3838
4543
4446
4944
4402
5230
5003
4052
3840
4668
4019
4263
4418
4653
4165
4584
17687
4647
5418
4208
4810
4432
4734
4189
4086
4073
4946
4273
4755
4451
4853
4768
61093
5144
5037
5064
4387
4541
4509
4731
4094
4835
5966
5008
5331
4434
5198
4720
5106
4244
4420
4661
4339
4890
4414
4511
19217
4085
5537
4532
4499
5149
4296
4219
3950
4828
4645
4970
4581
5714
4864
4934
5469
5026
4469
5933
5474
5045
5050
4917
5207
4364
5784
4209
4816
5880
4561
4843
4994
4779
4329
4823
7678
3950
4647
5132
5172
4297
5155
4471
4926
4924
4135
4611
4677
4977
4178
3818
4126
4077
5615
4502
4936
4512
4764
4091
4421
4346
6055
4144
4440
3801
4024
4767
5009
4638
4869
4212
4904
4285
4145
4444
4672
4333
4649
6062
4905
5055
4285
5382
4552
5015
4059
4252
4779
4685
6075
4449
4269
6079
5123
4810
19261
4330
5289
4803
4864
4647
5029
4655
4264
4780
3853
4068
4837
5472
5134
4846
5013
5026
5539
3975
4743
17447
4773
5493
4260
6921
3967
4719
20585
4715
5392
4598
5166
4825
5056
4539
4072
5025
5379
5749
4675
4990
4753
4842
5062
4703
4875
5875
4136
4712
5353
4618
4424
4990
4287
7430
4678
4815
5537
4654
4549
19441
5451
5100
4804
5477
4547
4043
4573
5008
4756
5056
5265
4591
4790
4805
4953
4278
4886
5161
4801
4755
4139
5836
5313
4526
5607
4089
4389
4325
4421
4325
4711
5316
4934
4922
4380
4205
5074
4982
4934
4771
4583
6150
4126
4792
4408
5040
5257
4800
3995
4888
4804
4981
4360
4141
4960
5343
4658
4574
4172
5120
4949
4184
4873
4356
4561
4466
4458
4913
5835
5009
5193
4343
4747
4348
4612
5492
4825
4424
5162
4992
5094
4987
4842
6834
4086
4309
5130
4068
5641
25717
4980
4897
4563
5655
4936
4724
5359
4508
4693
4739
4392
4680
5157
4927
4453
4534
4155
4449
5528
4266
4771
5484
4576
4096
5307
5503
5536
5265
4398
4986
5026
5309
4376
4862
4153
5497
4460
4030
4294
3895
4816
4747
4947
5002
5533
5112
5160
4749
5644
4926
5390
5031
4988
4930
4612
3743
5010
5744
4932
4551
5428
4795
4848
4097
4345
5102
5433
4256
5110
5056
4807
5073
4870
4736
4423
4707
4410
4126
4727
4966
5064
4326
4916
5016
4046
4259
4540
4755
4160
4428
5064
4965
4860
5030
4187
4225
3891
4724
5092
4467
4729
4030
4880
4279
5485
4706
4816
4453
4258
4569
4793
4619
4708
8337
5029
5364
4404
4507
4441
4102
5542
5132
15686
4875
5155
4804
4831
4125
4306
4457
4838
4661
5278
5046
4556
3942
4867
5249
5167
5067
4457
4709
4640
5063
5002
4155
4291
4118
4365
4450
4576
4914
5027
4492
4518
5620
4852
5121
4737
5896
5226
5157
4434
5512
5179
4091
4468
4768
5170
4027
5457
4112
4505
4186
4179
4354
4099
4735
3990
4188
4725
4187
4270
3785
4618
4477
5076
4459
5206
5207
4601
4754
4969
5073
5894
4439
4510
4749
4683
4615
4582
3508
4162
4631
4556
3943
5191
4624
5480
4314
5251
4043
4192
5182
5705
4768
4272
6884
4807
4525
4628
4786
5093
4404
4288
4609
4637
4597
4082
3798
4840
3779
4022
3915
4181
4605
4426
4064
3922
4810
5354
4806
4721
4741
4728
4552
4364
4045
5189
5045
5166
4892
4615
4646
4479
5254
4922
3948
4214
4627
4573
4726
4330
5760
4852
4651
4992
5739
5188
4878
4716
5136
4400
5017
4857
4369
5065
4734
5048
4324
4345
4520
4865
4403
5031
4306
5801
4717
4602
4307
3696
4350
3907
5388
5483
4040
4759
4161
4425
4680
4365
4845
4671
5807
4970
4860
5396
5057
4914
4542
6215
5373
4296
5824
6110
4978
4250
4474
4544
4196
5361
4425
4371
5730
4027
5419
4568
5944
4700
4471
4622
5347
5982
5243
4567
5000
5635
4907
5118
4364
4014
4190
4519
5125
4737
5562
4552
5010
5198
4693
4930
4883
6237
4603
5060
4927
4159
5038
4774
4665
4022
5072
4638
5565
16749
5948
4729
5413
4042
4349
5358
4718
6185
4818
5088
5311
4897
4951
4997
5524
4333
4638
4050
4627
4119
4065
4377
4378
4795
4959
5349
4823
4958
4530
4681
4867
5160
5263
4511
4719
4789
5111
4521
5183
5281
4141
4539
4289
4232
5286
4179
4367
4468
4544
4849
4714
4307
4509
4897
4355
4240
4480
4319
4494
4003
5548
4852
4516
4973
5079
4323
4450
4813
5612
5756
5104
4344
5122
4498
4894
4175
4531
4709
4274
8956
4605
4702
4883
4332
4050
4545
4316
25664
4465
5011
4945
4169
4770
5152
4675
4502
5224
4572
4231
4492
4811
4473
4720
4263
4351
4787
4573
4500
4578
4265
4797
4328
4797
3663
5072
5292
5119
5191
4520
4157
4323
4110
4293
4479
4559
4520
4982
5491
4382
4396
4635
4140
4334
4725
4609
5417
5751
4917
4307
4380
5041
5095
5387
4370
5353
4823
4647
4658
4529
3954
4995
4744
4446
4969
4437
5041
4630
5006
4561
4486
4454
4698
4162
4905
4768
4569
4963
4524
4991
4743
5308
22378
5343
4895
4355
4831
4839
4625
5924
5671
4647
4341
4794
4459
4801
4739
5314
4978
5442
5387
4504
4667
4303
4890
4062
5167
4567
4469
5044
4114
4852
5414
4342
4496
4651
5036
5075
5332
4994
4843
4152
4098
4889
4010
4573
4567
4551
4344
4370
4778
5480
4823
4472
4332
4782
4835
4377
4138
4538
5442
4151
5266
5167
4608
4312
4191
4893
4878
4956
17608
4884
4686
4980
4474
4629
5068
3792
3800
4543
4140
5087
4709
4670
4850
4646
4675
4741
4602
5805
4558
4388
5133
4613
4414
4201
4257
5301
4881
4603
5180
4775
4783
4752
4036
4362
5090
4561
4219
4553
4223
5379
4423
4636
4262
4646
4584
4472
4266
4855
4279
5063
4735
4718
4380
5477
4557
4537
4897
5660
4490
5172
4638
4591
10886
4564
5582
4570
5624
5283
4298
4309
4490
4172
4763
5006
4800
4826
5431
4612
5141
4345
4793
4706
5113
4967
4383
4573
4853
5782
4253
4901
4245
4981
4560
4965
4211
4887
5139
4949
4157
4440
4024
4433
4650
4765
4237
10793
5231
5419
5935
4974
4375
4541
5071
5033
4817
4637
5176
5103
4236
4533
4541
4317
4608
4668
4736
4659
5470
4806
4314
4727
4433
5485
4796
4918
4452
5189
5235
4695
6064
4803
4629
5656
5043
4366
16930
4563
4253
4448
5084
5682
4555
4820
4460
5204
5202
5323
4415
6005
5199
4736
3929
4596
4690
4590
4069
4831
5493
4430
4241
4374
5296
4347
4305
4363
3951
4649
4601
4832
4216
4838
4643
4126
4258
4512
4678
4336
5387
20939
4019
4328
4125
4065
4521
4383
4458
4837
4398
4705
4174
4616
4254
4692
4539
4861
4476
4719
4133
5569
4421
5481
8448
4827
4922
5257
4546
5367
5222
5867
4986
5014
4801
4815
4770
5225
5838
4680
4153
5176
5471
5899
4868
5178
4596
4970
4949
4828
4921
4395
4362
4748
5602
4036
5095
4385
4634
9543
4665
4743
4676
4589
4663
4386
4596
4434
4407
4399
4296
4685
4690
4338
4825
4806
5630
5453
4436
4610
4524
4635
5141
4218
5628
5499
4591
5145
5047
4552
4467
4783
4942
5666
4957
5449
4990
4917
8771
4480
5402
5542
5028
5374
4391
5224
5149
5375
4248
4674
5458
4887
4046
5147
4614
4450
4440
4526
4986
5131
4200
5516
5015
4760
5116
5358
4630
4623
5327
4604
4204
4685
4381
4599
4253
4730
4684
4801
4566
5535
4516
4828
4538
4333
5440
5285
5454
4800
4608
4674
4671
4757
4694
4572
5453
4424
5537
4703
7004
5180
5165
4522
5394
4915
4478
4490
4653
5342
4911
5000
4865
5441
4883
5146
4044
4692
4961
4072
5693
5643
5824
4573
4844
5116
5158
4851
4465
4528
4758
4230
4315
4674
5309
8330
5093
4510
5328
4911
4712
5216
5812
5887
5127
5074
4430
4640
4603
4678
4617
15997
5745
5405
5034
4966
5023
4745
4715
6835
4693
4327
4528
4523
4784
5355
5459
4648
4761
5047
4112
4828
4472
5695
5784
5404
5248
4422
5231
4391
5038
4978
5199
4679
5190
4857
5524
4602
4939
4995
19050
4351
5006
5564
5384
5218
4922
5113
4818
4809
5495
5006
4445
4763
6061
5180
5927
4026
5132
5532
5371
4969
5622
5418
19960
4899
4737
5056
5020
4140
4414
4754
4860
4748
4880
5484
5301
5160
5093
4439
4741
5207
5947
4337
4966
5052
6262
5559
5314
5762
27568
4903
4830
5376
15142
5806
5764
6337
5294
4251
5722
5973
5054
6234
4750
5208
5674
5061
5413
4464
5071
4980
5406
5876
5105
4945
5274
4856
4495
4866
5109
7313
4723
4751
4114
5490
4618
5182
4848
4462
5629
5947
5947
4756
5121
4209
4956
4721
5570
5765
4762
5044
4925
5094
4601
4567
4670
5385
4778
4450
4194
4439
5318
5033
6206
4949
4678
5394
4108
4015
4852
9568
19131
4699
4955
4834
5007
4508
4514
4438
4472
4994
5002
5213
4611
4684
4992
4578
4492
6151
4791
4957
5364
5492
5222
11088
5462
5524
4495
5053
5122
7988
5027
4922
5002
5719
5412
5671
5689
5756
5305
4825
5398
6715
5715
4629
5452
5916
5129
4585
4598
4474
4736
4570
4389
5210
3980
4837
4324
5335
6259
5038
5022
5259
5185
4632
4053
4481
4298
4954
20082
5004
4389
4342
5594
4657
4848
4866
4806
5120
5006
5255
4423
5461
5691
5047
5720
5396
5366
5327
5214
6480
5315
4595
4984
4948
4924
5073
4669
5516
5000
4855
5132
18894
5255
4902
5610
4915
4914
5198
4953
4665
4540
5841
4903
4782
4869
4713
4511
4779
4636
5099
5415
4741
4897
4530
5062
5194
4895
4689
5522
4572
5073
4169
4513
4210
4592
4725
4919
4608
4561
4874
5546
5428
4334
5461
4039
4872
5315
4933
5474
4509
5563
5029
4430
4799
4296
5184
5425
4922
4659
5388
5002
4820
5111
4963
5548
5227
4889
5543
3959
6195
4677
4482
5041
9267
4589
4125
27341
4500
4864
4697
4486
4707
4215
3866
4794
5346
4984
4739
4637
4536
4797
4778
4776
4392
5187
5275
6032
4737
4633
4402
5321
4806
4099
4913
5039
4892
4696
5119
4876
6172
5243
4747
4962
4759
4820
5044
4831
4699
5305
4388
5999
4963
4056
4798
5038
18363
5439
4966
4684
5337
4611
5321
4978
30349
5507
4375
5410
4665
4758
4567
5594
4647
5016
4840
4356
5394
5030
4752
4584
5482
4788
4721
4571
4396
5985
4915
4055
4128
4561
4467
5826
5334
5435
5305
4841
4728
4668
5572
5444
4533
5350
4173
4968
4795
4663
5054
5110
4782
5570
5130
4908
5242
4490
4702
4408
4634
4414
4693
4615
4736
4539
5196
5872
5229
5111
5187
5180
4412
4466
4643
4488
5056
4603
5320
4890
5339
4701
5924
4553
4826
5113
4842
4985
4300
4885
4787
4128
4599
4721
5079
4791
4998
4327
4908
4579
4600
4749
5123
4670
5366
4884
4592
5197
4778
4604
4763
4597
4499
4385
4780
4886
4705
4936
19205
4983
5080
4824
4557
4915
5203
4503
5465
4571
4841
5202
4667
5293
4954
5194
5634
4421
4722
5005
4499
4824
4624
4666
5044
4997
5101
4686
5141
5370
19342
4224
4620
4438
5407
5492
4898
5225
5486
4109
5744
4508
5196
4659
5003
4892
5446
5034
4695
4376
5251
5228
4542
4355
4634
5280
5342
5057
4964
8348
4879
3955
4758
5005
6064
4745
5374
4618
4537
4097
4606
4566
4199
5239
3908
4782
4197
4395
4393
4535
4195
4098
4756
4931
4331
4772
4561
5453
4496
5133
5448
4512
4501
5032
4799
4761
4719
4885
4358
5782
4631
20084
4442
4799
4620
4370
4753
4924
5667
5538
4920
5337
5101
4654
5102
4697
5390
4802
4339
5300
5236
5095
4877
5656
5738
4704
4519
5269
4855
4664
5840
4669
4560
4573
4476
4935
5162
5023
6590
5429
5415
4956
4940
5363
5081
4725
5367
5116
5117
4453
5777
4810
5187
4618
5986
4927
5204
5283
5175
5099
6037
4950
4541
5810
4949
4269
4685
5051
4772
4745
5459
5796
5215
4332
4364
4770
5201
4857
5278
4867
5038
5299
4820
5439
4885
4125
5399
5551
4664
27261
5662
5379
4505
5062
4600
5101
5635
4887
4541
4937
5768
5650
5369
5110
4512
4217
4982
4164
4624
4908
4472
5627
4781
4804
4978
5208
5196
5175
5878
5225
5183
4990
5311
4401
5244
4850
4603
4953
5239
4451
4876
5370
3923
5018
4931
5491
5206
4708
5600
5150
4986
4821
4563
4227
4731
5675
4745
5354
5801
4647
5139
5212
5457
4426
4817
5085
4773
4930
4718
4673
4630
4790
5424
5292
4745
4939
23589
4688
5011
4695
4935
4865
5131
4529
4610
4266
5190
4492
5022
5559
5017
5375
4988
5475
5144
4323
5020
5026
4390
4574
5235
4928
5266
5233
4638
5082
5317
4887
5534
5483
5244
4225
5272
5067
5026
5252
4758
4501
5118
5433
4800
5410
4767
5285
5150
5920
5053
4618
5572
4590
5044
4008
4548
5253
4972
5992
5193
5910
5368
4932
5227
5210
4931
5200
5281
5094
6160
6219
5304
6074
5166
6145
5883
5657
4590
5941
6067
5240
5329
6030
5594
5556
5361
4633
5005
4663
3952
4710
4309
4103
4819
4839
4569
5413
4752
4090
4606
5087
4180
4389
4849
5600
4714
4447
4577
4686
4411
4238
5011
4016
4969
5038
4615
4196
4547
4617
5310
5480
5251
5299
5723
4768
6166
5313
5308
5143
5471
5738
5215
5058
5559
5078
20537
5220
4923
5253
5090
5963
5075
5127
5998
5378
5350
5554
5980
5099
4994
20213
5526
4160
4132
4453
4846
4278
4440
4513
5184
4498
4755
4988
5426
3929
4487
5283
4550
4338
5174
4829
4638
4821
4968
4009
5103
5935
5033
4684
5033
4648
5598
5750
5837
4751
4822
5215
5370
4822
5208
5674
6192
4837
4803
5499
4700
6009
5355
4987
5818
5080
5633
4949
5266
5289
5774
5638
4733
5308
5336
5317
5974
4483
4000
4800
4518
4825
5327
4545
4482
4378
4125
4901
4642
5513
4437
4997
4881
5275
4245
4926
4402
4826
4809
5146
4211
5084
5273
4700
5267
4835
4890
5198
5246
5456
5825
5255
6493
5989
5312
4711
27533
5285
6052
5407
5298
6174
5982
5941
5183
6149
5423
6038
6939
4947
6200
6577
5258
4837
9062
5683
4975
5579
5720
5251
18871
5103
4284
4794
5538
5011
4125
4862
4291
4618
4679
4342
4294
4380
4253
4989
8486
4425
4861
4591
3933
5074
4763
4701
4061
4365
4514
5056
4847
4548
5292
4527
4396
4553
5043
4542
5224
4680
4257
4481
5002
3751
5172
4775
5099
4417
5427
4644
4609
4725
5710
4396
6074
5428
5692
4522
4611
5273
4472
4616
5244
4428
4365
5433
4719
4301
4635
4784
4755
4953
4823
4280
4766
4733
4345
4274
4826
4236
4500
4578
5495
4254
4309
4578
5089
4194
5119
4634
4455
5561
4796
4778
5628
4562
4341
4545
4762
5427
4704
5115
4764
5064
7297
4992
4177
5912
5051
5777
4771
4693
58427
4941
4590
4697
16758
5683
5272
4052
5579
5306
4668
4705
5187
5459
5181
5045
4442
4715
4108
4017
5294
5221
4283
5334
4478
4353
4742
5098
4416
5263
4187
5152
4932
5230
4765
5041
4323
5217
5640
4755
5241
5057
5108
4714
4462
6439
4981
5394
6392
4693
4879
4873
6750
5792
5365
5233
5160
4851
5321
5248
5629
6449
6351
4996
5328
5025
6246
5635
5160
5014
5638
5263
4969
6087
5159
4300
4506
3822
5352
4282
4458
5283
4320
4968
4861
4878
4495
4378
4459
5002
4217
4457
5341
5075
4892
4948
4470
4859
4818
5797
4648
11062
4899
5062
4346
4445
5444
5138
6123
5736
5476
5398
5648
17719
5185
5334
5976
4901
5792
5625
4767
5822
5799
5230
5878
6525
4914
6153
5207
5316
5202
5242
6949
5225
5523
5084
5394
5264
3822
4597
4723
4711
5146
3813
4168
5197
4590
4957
4891
10817
4415
4128
3979
4869
4812
4325
4663
5076
4460
4323
4943
4296
3577
3553
4311
4550
4110
5149
5013
4128
3872
4479
4865
4292
5178
4359
3913
4688
4562
4185
4029
4622
4074
4666
7013
4781
4892
4795
4170
4057
4222
4182
4739
4582
4674
4137
5027
4076
4255
3950
4859
4084
3955
4767
4654
3852
3568
4890
3772
4114
4186
22461
4392
4174
4190
3966
3552
4575
4184
4169
4802
3776
3868
4531
4121
4445
5637
4249
4503
4544
4986
5657
5010
4259
4839
4630
5252
5548
5185
6002
5157
5097
5314
5102
4941
5228
5311
5388
5057
5063
6103
4880
4893
4646
5596
4809
4975
4575
5052
4940
5257
4657
4719
4691
5349
5478
3995
4618
4256
4928
5640
4540
7160
3801
4958
4456
4307
4164
4409
4558
4398
4668
5029
3869
5044
7807
5064
4075
4463
4431
3687
20573
6343
5177
5217
5051
5294
5011
5470
5131
5404
5467
5132
40955
5158
4854
5476
5957
5518
4819
5005
5749
4822
5084
5155
5435
4692
4672
5252
5510
6360
5097
5111
4817
4540
5117
4805
4799
4951
4833
3929
4620
4598
4129
4094
4858
4767
4494
5331
4658
4247
4948
4265
4508
4244
4599
4184
4627
4772
4476
4281
4498
4748
3985
5377
5462
5280
4927
5537
5451
4406
5178
8009
5761
5206
4774
5542
4726
5261
5054
5344
5116
5077
5040
5011
4720
5330
5526
4994
5062
5197
4700
4744
5445
4807
4401
4907
4679
5154
4760
5045
4345
4296
4566
4788
3992
4756
4544
4677
3849
4803
4754
4803
4480
4434
4650
3790
4425
4626
5044
5149
5192
4850
4176
5203
4615
4615
4871
5636
4657
5809
6489
5798
5128
5091
6241
5242
4267
4297
6189
5053
4922
5278
4996
4605
17152
6006
4850
5318
5266
4615
4652
19248
5325
4755
4719
5362
4588
5506
4718
4858
4433
4442
4216
4286
4455
4523
4480
5002
5658
5550
4672
4383
3834
4543
4234
4504
4889
5277
5424
4389
8186
4695
4650
4320
4782
4818
4690
5630
5046
5539
5061
5104
5170
5742
5844
5071
6317
5137
4959
5561
5665
5840
6261
5627
5100
5242
5900
5587
5038
5593
5608
5620
4887
4660
42949
5264
5097
4862
5546
20293
5777
5404
4149
4146
5159
4025
4348
4836
4818
4470
5039
4146
5036
5638
5394
4599
4432
4906
5245
8313
5048
4575
5621
4592
4051
4674
4598
5040
5326
5458
5286
4974
5402
4856
5081
5084
5597
5429
4732
5336
6024
5516
5279
5086
5179
4974
5562
5086
5313
5393
5099
4837
5400
5970
5588
5150
5322
5753
5133
5253
5111
4513
4365
3952
4085
4808
4173
4518
5073
4154
4615
4685
4429
4313
4320
4807
4628
4290
4664
4076
5123
4575
4805
4762
4901
4734
4379
3997
5506
4838
4551
4586
4625
4596
5446
4326
4980
4294
4772
4216
4031
5697
4174
4873
4815
4381
5082
4311
4623
5468
5368
4288
4556
4076
4629
4401
5088
4380
4382
4470
4526
4222
5663
4755
4460
4375
5113
5840
4430
4800
4693
4362
4196
16619
4562
4196
4162
4482
5403
4542
4947
4697
4386
4161
3822
5015
4354
4165
4481
4349
4810
4303
4392
5081
4319
4916
4892
4410
5393
4292
4616
4236
4388
4202
4994
4994
5601
10962
4673
4458
4112
4774
5525
5120
5318
4738
5347
4713
5244
5073
27532
4821
11097
4294
4243
4252
4685
5825
4762
4880
4448
5050
4504
4837
4607
4593
5049
4604
5237
19804
4500
12741
4453
4163
5295
4793
5143
3888
5373
3887
4146
38545
4338
5308
4944
4040
4679
4360
4916
4756
4678
5489
5596
5303
4646
4212
4402
5358
28992
4309
4773
5552
4560
4324
5053
4556
4342
4080
4697
5936
4658
4343
5266
4451
4097
5041
4955
5493
4884
5054
4141
5046
4188
4479
4929
5233
4076
5042
5138
8819
5185
5066
5244
4532
5110
5535
4074
4872
4991
4518
4917
5888
4252
4457
4250
4778
5125
5928
4712
5543
5290
5350
4850
7812
4637
4339
5275
4975
4920
4941
4433
4470
4731
4792
4959
4780
4587
5236
4362
5439
4160
4786
4531
4486
4429
4758
4888
4177
4789
4886
4809
4691
5112
4578
4858
5345
4809
5091
4705
8834
4875
5056
4380
4873
4422
4676
5420
4597
4937
5359
4664
5623
5291
5088
4889
5226
5309
4039
4916
5077
5309
4359
5143
9334
4974
4727
5061
4920
4077
5261
4751
5193
5177
4778
4322
4519
5156
4724
4222
4791
3689
8598
4491
5523
4394
4261
4449
5355
4901
4858
4942
4619
5236
4665
5268
5401
5408
4849
5402
13144
5197
5328
5088
8752
4660
4634
4861
5842
5439
4889
5413
4214
4462
4920
5192
4918
4603
4797
4836
5059
4755
5435
5091
4765
5169
4808
4796
4335
4610
4361
4448
4591
5120
4846
4925
5445
4863
5732
4733
4415
4588
4212
4452
4811
4296
5237
4712
14230
5325
4360
5705
4851
4727
4627
4135
4686
4926
6209
5021
5266
5568
5696
5262
5556
5042
5555
5957
5469
6226
6029
5998
6097
5788
5447
5874
5271
5287
5423
5693
5384
5730
6157
5973
4091
4648
5260
4160
5320
5500
5260
4789
5220
5001
4157
5025
4849
4175
5441
4591
4702
4371
5181
5284
5378
4824
4338
5247
4298
5984
5425
4677
4809
5252
4753
5626
6256
5807
5192
6369
5808
6500
6905
18916
6562
6065
6080
5737
5644
5585
5345
6015
4894
5393
5442
5165
5842
5027
4933
5110
5038
5825
5739
5420
6120
5149
4853
4418
4800
4811
4745
4367
5305
4965
4620
4637
5251
5138
5207
4922
4972
33628
5178
4625
4612
4582
4125
4284
4688
4148
4881
4708
5294
5195
5619
4942
5859
5214
5552
5759
5043
5251
4735
5420
4749
4941
5290
4650
5797
4822
5543
4823
5166
5462
4715
16861
5973
11804
5198
4075
4793
5156
4548
4801
4633
4801
4878
5079
5970
4558
5259
5035
5439
4763
4867
4795
4589
4613
4575
4843
4600
4619
4608
4490
4294
4372
5765
4028
15529
4715
4774
4584
4471
5085
4513
4417
4282
5159
4649
6392
4502
4471
4308
4932
4728
4348
4293
4330
3981
4434
4449
4578
4595
4172
4243
4139
4613
4697
4441
5385
4902
4803
5113
4865
4180
4758
4455
4091
3739
4642
4343
5254
4416
5086
3996
5113
3987
4738
4067
4357
4411
5403
3811
4269
4778
4571
4191
4420
3876
5423
4023
4451
4132
30838
4260
4481
4460
4225
4493
4442
4562
4796
4583
4319
4454
5036
4999
4335
5206
4234
4486
5117
4486
4318
4184
4280
4505
4682
4509
3806
4697
3887
4162
3968
4011
4255
4811
4667
4495
4949
4704
4824
7644
4637
4689
4760
5595
5586
5059
4623
4512
4317
4536
5103
4801
5052
4435
4317
4670
4679
4994
4329
5085
4612
4500
4542
4975
4980
4651
4445
4389
4344
4156
4714
4235
4709
4018
4390
4350
5174
4158
4118
4179
4506
4774
4689
4843
4290
4181
4906
4593
4681
3873
4969
4387
4898
4291
4763
4621
4315
3962
5068
5342
4578
4689
4929
4675
4596
5318
4197
4782
5198
4798
4415
4567
4156
3926
4145
5164
3932
5614
4536
4817
4716
4122
4589
4988
5235
5004
3841
4301
4399
4328
4345
4340
6260
4091
5126
3972
4701
5133
4570
4120
4255
5140
10796
4936
4043
4659
5363
4946
4627
4480
4851
4495
4360
5259
4378
4624
5111
4358
4651
4357
4313
4585
4553
4646
4372
4373
4959
4579
4779
4500
4778
5016
4456
3877
4898
4912
4326
4947
5137
4057
4721
4391
4595
4265
4950
12027
4728
5051
4099
3699
4531
4516
4275
4753
6234
4699
4048
5162
4258
5209
4503
5524
4944
5358
5102
4229
4815
4957
4101
4185
4319
4280
4507
4506
5053
4240
4832
4091
4977
5116
4648
4159
5344
4718
4996
5085
4636
5140
4616
5075
4112
5482
4974
4670
5189
5092
5304
5442
5148
4871
4385
4784
5717
4513
5011
5054
5548
4195
4759
4705
5110
5435
3909
4759
5118
4253
5822
4513
4607
4126
4545
3984
4719
5465
5505
5171
4179
4649
4766
4518
4675
3940
4725
4648
4550
5241
4251
4833
4916
4367
4212
4348
4782
5314
4716
4188
4464
5573
4088
4578
4799
4316
4589
4360
4866
4852
5045
4422
4673
5408
4894
4370
4201
4765
4870
4759
5376
4421
4799
4354
4589
4862
4527
4571
4697
4365
4104
5383
6200
4709
3965
4361
4616
5543
4594
4999
5355
4294
5836
4346
3764
4003
4588
4680
4576
4972
5505
4840
4482
4863
4602
4845
4278
4510
4917
4110
4844
4294
4240
9107
4671
4096
4082
4312
4934
4799
7632
4803
5544
4964
5124
4293
4455
4533
5126
5480
4352
5501
4359
9974
4367
4303
4398
4304
4547
4777
4387
4495
4794
4962
4897
4200
4306
5007
4973
4044
5045
5025
4872
4226
4562
4087
4541
4370
4604
4216
4183
5274
4248
4896
4777
4639
4690
5195
4409
4535
5034
4150
4142
4267
4387
5017
4378
4548
3852
4396
4219
3750
4685
4499
4454
4297
4813
4961
4539
8770
4532
4586
4160
5032
4456
4562
4690
4578
5083
5243
5517
5306
4139
5283
4415
4649
5734
4308
3945
4749
5041
4710
4309
4752
27206
3735
4566
4266
4806
4491
5063
4762
4654
4640
4093
4639
4736
4376
4204
5608
4169
5670
4867
4792
4000
5485
4752
4702
4289
5150
4186
5497
4924
4027
4609
4610
4388
4532
4959
4674
4718
4272
5563
4177
4870
4107
5413
4038
5346
5476
4616
4335
4469
5628
4624
5052
4662
4445
4888
5060
6528
5055
5471
4597
5172
5848
5505
5964
4959
4843
4902
5279
5537
5891
4803
5212
5458
5287
5157
5193
5056
5753
4555
5730
4961
4784
6024
5375
5456
4600
5061
4813
4555
4264
4420
4760
4942
5167
8747
5165
4604
4807
5219
4652
4500
4541
5019
4064
5259
12268
4738
4681
4254
4581
5124
5031
4915
4302
15851
4290
5335
4790
4393
5081
4559
3880
4931
4656
4610
4170
4144
4516
4268
4484
4711
8381
5024
3931
4725
5598
4320
4577
4093
5106
5970
4483
4382
4815
4752
4402
4931
4703
4447
4829
4475
4982
5747
3831
8970
4700
5337
4658
5046
4966
4903
4991
4125
4258
4589
4326
5346
4595
6105
4363
4763
4934
4440
4865
5160
4703
4850
5142
5100
6077
5307
5499
8895
6101
5165
5605
5517
5602
4754
5043
5824
6161
5718
5816
5883
5587
5287
6052
6109
5652
5519
5425
19831
5236
59842
5333
5247
5638
5453
4083
4157
5705
4668
5511
6197
5263
4515
5269
5094
5306
5244
4952
4926
4236
4902
4401
4513
5432
5311
4728
5229
4833
5267
4936
4522
4628
4740
4318
4909
5168
5318
5389
4310
4506
5796
5015
4425
4722
4917
4066
5891
5035
4739
4785
4925
4587
5039
4902
5053
5069
3737
4026
15443
4235
4210
4565
4109
4976
4756
4158
5281
4261
4984
3572
4505
5092
5167
4411
4738
5343
4351
3899
5073
3977
4530
5416
4256
4328
4560
4673
3913
4734
4147
4085
4539
5021
4093
4968
4340
4296
4816
4541
3928
5198
4192
4342
3805
5326
3778
4548
3748
4505
4272
4887
4803
4723
3267
4257
4314
3975
3998
4438
5008
5816
4062
4395
3913
4802
5393
4470
4148
4440
3811
4697
4691
4344
3643
4420
4837
5384
5664
16920
4993
4101
4876
4731
4699
5258
4543
4782
4180
4438
4868
4320
4093
4873
4392
4691
5075
4764
4126
27015
4892
4410
4651
4380
4447
7552
4210
4647
4489
4935
5340
4879
3967
4208
4167
4386
4966
4329
4480
4847
4402
4854
4913
4294
3868
4683
4515
4428
4834
3991
4970
4048
4382
4468
3974
4513
4175
4038
4584
4738
4705
4453
3569
5366
4285
4091
5427
4544
4559
3912
3809
4189
4452
4220
4436
4579
4758
3888
10344
4829
4124
5183
5176
4432
4588
4165
4169
4222
4381
4513
4174
3837
5480
4363
4621
4745
4655
4440
4376
4744
4160
4799
4508
4407
4582
4413
4618
4728
4732
4834
5001
4648
15919
5570
4550
6120
17386
4233
5626
5251
5212
5261
4590
4647
5243
5345
5087
5529
4610
4911
5228
4307
4908
4765
4969
4234
5375
4770
4965
4578
4551
4415
4213
4454
5375
5465
4988
5537
5442
5570
5628
5243
5251
5490
6499
5713
6104
5329
5531
5110
5331
5320
5503
6030
5226
5036
6100
6293
5270
5670
5573
5355
5411
5589
9125
5312
5090
5292
5519
4773
4941
4845
4169
4687
5310
4757
4375
4684
4285
4640
5116
4493
5688
5532
4387
3846
4160
4586
3823
4741
4884
4751
5329
4726
5355
5850
5291
4882
4778
4659
4916
4273
4879
5340
5254
5400
5563
4586
5528
4599
4352
4175
4719
4584
4675
4284
5878
5202
4887
4556
4241
4726
9348
4677
5229
4585
5434
4049
5466
5423
4491
4307
5398
4380
4792
4281
4638
4879
4567
4968
4414
4840
3976
5653
4906
4088
5367
5362
5180
4759
5382
4841
4593
4004
4654
4437
4645
5286
5286
5301
4746
5222
4015
4549
5219
5244
4408
5160
4963
4680
4830
5088
17601
4586
4533
5350
5798
6299
6029
4350
5259
17094
5329
5306
4647
4350
5060
4732
4369
5145
5244
4823
4507
4158
5566
4155
5292
4389
4748
4566
5273
4482
4775
4924
4787
4472
4310
5223
7240
4331
4064
4186
5397
4283
4487
5046
5047
4985
4729
4218
4228
5146
4334
4847
4572
4410
4944
4944
4745
4018
5177
5096
5420
4248
4847
4516
4373
4650
5980
22738
5314
4626
4584
4438
4780
4178
4702
4943
4672
5222
4893
4366
5206
4582
4356
5548
5672
4832
4921
4024
5504
5306
4915
5090
5089
4872
4559
4020
5162
4900
4861
5750
5488
4169
7361
5841
5688
3980
4466
4702
4695
5038
5140
4670
6197
3702
4467
4603
5199
4407
5220
5324
5382
5123
5319
4824
5135
5447
4642
4319
4558
4466
5289
5149
4687
4334
5206
5244
5396
4231
4714
4796
4563
5005
4415
5484
5290
4719
4398
4431
6086
4890
5769
4209
4457
4743
4994
5769
3991
5017
3829
4521
5389
4724
4440
4871
5413
5109
5027
4776
4659
4387
4668
4616
5026
4684
5604
4672
4650
5147
4708
5044
5257
4461
5006
5766
5507
4889
4640
4880
5417
4551
4271
4493
3930
4814
4940
4281
4911
5433
4340
4423
4125
