115930
94563
73479
68131
68246
70907
67508
67043
72831
68157
96177
96679
96015
96657
95408
94719
95482
96889
96647
94939
95760
97256
96088
95068
95539
96071
95151
93780
95120
96503
94227
94386
94765
93752
93166
96205
96200
94922
98638
98044
97272
109126
98766
96570
96563
93281
97249
93533
91637
89306
95770
89876
90622
88457
88959
97422
86826
83875
81105
77857
78794
95399
87401
78012
83042
78558
80635
76836
76088
75850
77870
78360
96157
82179
80804
79444
82083
77145
76935
75859
80074
77363
76369
94011
78894
77897
81900
76027
76262
76509
77723
76940
83546
84189
93714
79166
79608
76869
81651
77401
77372
78405
79223
77249
77920
95041
84454
78015
77980
77186
77920
79163
77666
77375
76587
77901
92587
79775
77347
76545
78081
77937
77985
76094
80999
78200
80853
94169
80787
79414
80766
78109
78639
78632
79199
78968
82401
78776
92939
79040
79233
79396
78864
78895
79257
78618
80843
78112
78086
93628
81804
78617
79316
78510
79837
79376
81233
88030
80887
79822
94788
81856
78600
78110
78039
79566
83414
85279
85757
79260
80638
93915
80786
81652
82262
79479
83157
79477
80300
80553
79890
80218
95633
80851
80594
80557
85938
80679
79585
79774
80790
80185
81067
94348
82473
82114
82670
79335
79915
79749
80760
79391
79292
78636
94253
81679
80940
78642
79078
78458
79336
78808
82750
79506
79122
93584
83021
84837
78188
77359
78697
80002
79034
78357
79932
78489
91759
79633
80003
78496
79784
77816
79240
79765
78664
80289
81580
92823
82328
79973
79653
79478
80760
80232
80263
79633
82307
79991
92186
80569
79221
78452
79187
77870
79984
78003
80887
78910
79621
93615
79836
79250
78846
79137
77975
78231
81675
79361
78931
78671
93433
78613
79363
79220
79078
79956
80274
79157
78917
78680
78100
92628
81920
78958
78544
77035
80798
79116
78683
78063
77633
78121
92266
79714
78010
77452
81847
80907
79159
77923
79943
78779
80201
95188
82362
79952
81562
79618
81231
79710
79734
78325
92064
80394
92175
79948
82381
78265
79750
78499
79709
78170
79962
78972
78609
94470
83044
78700
80099
79360
80281
78259
82510
80467
80136
77822
94589
85494
80644
77865
79508
79396
80402
79587
80029
78467
83120
94984
82198
79550
79834
89708
81313
79322
78879
78450
82129
79578
93556
82306
80437
80354
81492
80757
80268
80282
95825
85645
81252
92072
88441
86440
80954
79009
79626
78102
91573
82407
78663
80005
95669
79214
82274
78906
77507
76108
81521
78689
76696
76105
78600
94921
80853
82616
76566
75254
80330
77395
76896
77995
78653
80625
100841
80442
82958
76745
82265
77522
77451
77754
76590
77397
77607
95693
88944
83086
92501
91045
82728
83410
78785
79599
78409
76607
94793
78391
82655
85007
77762
82084
77013
77465
78058
77535
76993
93930
85327
79015
83398
78114
76274
76930
76085
76282
76032
75892
94680
79276
77935
76408
76100
77637
77642
76087
76175
75921
86799
96000
80039
77339
76389
80464
78033
75881
76202
83729
88327
77513
107700
83616
77924
91966
81097
76895
77071
76241
81305
78125
78323
92999
79312
76699
77050
76108
76213
74781
88037
78014
83745
76308
93306
78315
76868
75320
79816
75192
81308
76245
76956
77434
76556
98742
83754
76499
76641
75392
82012
76471
75414
74733
75723
75351
95409
78255
78268
77195
81148
78371
77617
77697
76688
78033
75917
92355
79184
76633
83859
79103
78051
76261
75794
77420
76653
77366
93145
78472
81543
77479
77348
76716
77101
76446
77578
76230
76128
93867
83876
77731
76756
75179
77125
76925
77460
76290
76195
75353
94354
81233
78531
76280
77077
75135
77168
74278
75653
75346
82002
94369
79379
76221
76511
77484
76712
75710
76992
75267
81106
75939
92693
78748
78320
79819
78847
75974
76645
74612
81745
76902
75617
92749
78401
83013
77816
77609
76193
75406
80816
78708
77888
76549
92727
79273
76797
74694
76471
74618
80281
77508
76629
76654
76851
95374
81210
76265
77107
76632
83925
76453
76515
75712
75406
75616
95297
79737
78741
76594
82482
77978
76932
75273
92271
78279
91411
92652
78384
75371
92174
96144
89477
81279
79657
79071
79408
78666
98541
80059
83271
98703
82206
84440
82413
79406
77948
78918
83054
94191
85017
78633
81332
78143
76529
75768
76668
77333
80341
79416
94220
80123
78085
76464
76098
76257
78530
76017
76547
74352
81550
95995
80392
76567
76185
76384
76357
75038
74771
74802
81623
76232
95898
78408
77744
76383
76955
75195
75584
77163
79584
77416
76483
94491
81079
80067
79873
76196
76775
76951
79797
77303
75084
75485
91105
79634
78662
79585
77350
76921
80810
76900
75989
74910
75622
93072
79882
76168
75728
77046
79620
77464
76591
74870
74578
75928
95522
77963
76552
78447
82409
77476
76877
76324
75588
75775
77779
100810
80856
78295
81595
78597
77425
75768
93498
78119
77156
76464
94651
83830
80427
91096
80171
77702
79523
82261
80247
76349
77798
95779
82663
78514
76548
77531
77141
76771
76356
76986
77436
80688
95581
78378
76048
77377
77239
76535
80678
76626
76908
78992
80672
95212
79221
77519
77892
77113
77054
76995
77114
78595
79719
75952
94787
82257
78973
77801
76794
75480
77508
79394
79953
76660
77055
92450
80172
76609
77317
75392
76024
77336
79631
73916
74929
76504
94265
78621
74982
72880
78509
77508
78570
75334
73980
75457
76313
94387
81156
74547
76909
78982
77889
74074
74374
76639
75885
75197
92811
77152
76947
76636
77901
74451
74594
77226
76389
75437
73918
91198
78397
79116
79258
75518
74180
77466
75108
73873
76775
75152
93626
81698
78890
74305
80970
77803
82902
75692
75401
72065
76754
93271
79131
73651
73864
76941
77721
74656
74724
72033
75739
77177
93084
77409
75066
75519
75578
74231
89137
76387
77342
78390
78820
91799
77664
77041
78097
76936
75059
71888
77063
75982
77958
72407
91705
78238
77176
75634
74677
71410
75345
76758
78323
75135
73725
93206
80521
75489
75107
72660
76296
78169
77326
72605
74457
76272
92764
78314
75265
76027
79702
76815
84427
83470
75610
76391
78528
92924
76589
72598
76129
75643
76975
73516
75680
76305
76219
75639
91021
74908
76825
77346
77575
72168
73317
74933
76765
74636
73410
91052
79280
77831
78186
72300
72941
74979
76440
74631
72068
70264
93768
84252
82233
80977
80699
81104
81354
81585
90411
79720
81284
97766
82224
81412
81391
80912
81394
81995
81022
72829
76302
78580
93659
76555
74448
76214
79652
76515
74030
72503
75200
76995
77838
93821
79654
76497
100003
83512
70437
81934
70267
64604
65360
63880
62526
64791
96270
94543
90569
85398
84881
96807
89448
95570
86597
83541
85549
81503
83725
80579
79388
79839
92590
83394
76944
77160
79386
77052
79992
77434
77768
76931
76450
92632
83434
78830
78825
78989
77944
80183
79171
78572
79825
81401
94221
79880
78999
79464
79159
79891
79866
79344
78044
80285
79659
92524
81302
79057
79085
79563
78583
79580
79761
81511
79038
78928
94290
80975
79825
80923
79091
79435
78498
82075
80769
78933
78985
94315
81653
80278
79732
79448
80167
88076
85323
78333
77883
78287
92641
82409
79428
78845
77567
81993
90536
81284
79510
78546
79207
93359
80501
79608
79278
81614
79708
77891
79767
78496
78540
79570
92684
81518
78265
81657
79987
78893
78676
78920
78171
78375
77977
90263
79921
80773
77476
76803
78157
84614
77948
78230
78858
76963
92798
81407
78537
78263
78346
76999
78171
78784
79041
77910
81100
92006
80153
77105
78703
78939
76730
78617
76778
78106
77637
80043
93755
78910
76730
78509
78306
78830
77117
77192
77302
81454
77200
92427
80323
77883
77116
78873
77594
82888
83532
79249
78136
77114
92307
79376
77184
79034
77640
77805
77481
83311
92240
84727
79680
90678
79738
78981
77446
76934
76196
88304
89345
80978
76898
77736
91732
80017
79854
77882
78145
80590
77435
77194
77730
77462
76523
92971
79543
77695
77088
80953
77331
79987
77121
76915
77252
78456
91341
79259
77139
80825
78245
77865
78381
76836
76691
78826
78149
92242
79648
80553
78921
77846
78155
77159
77193
77992
77763
77348
93655
82098
88291
79875
78183
78328
77610
77640
78144
77882
77568
91875
80428
77997
84570
76673
77280
78097
77782
76907
79957
80558
92549
79907
78555
77205
77596
77737
76124
76634
75462
79646
77624
92618
79623
76901
77821
79178
76571
78230
79027
80058
77162
77593
91969
78669
76236
77371
78091
79356
77174
81822
76628
78195
76986
94143
79889
77513
76748
78993
85243
80891
76979
77160
78652
79097
92091
80358
77156
78435
88971
80960
78425
77409
78121
76833
77928
91777
79969
79498
77942
80088
77185
76506
78716
76860
76849
76577
93456
80200
78129
80068
78007
77200
78580
76810
77238
76044
76530
93470
78995
80789
77456
76398
78632
76956
77457
76728
83265
78350
92750
82272
78817
77178
79307
77756
76060
78013
76067
77647
77579
92719
79983
77378
78684
76692
76638
77579
77765
77866
78406
80650
92518
86446
77938
77776
78286
78380
78811
79244
80387
80710
79363
94436
80952
85663
78822
78173
78470
79473
78108
81238
91132
82132
94401
81284
79354
79472
78411
80217
78841
81073
78382
77737
79624
92534
80487
78826
78756
81201
79020
80818
78496
79334
80369
79556
95605
80781
79334
86065
78976
81866
78235
78791
80329
80017
78780
94082
79805
80199
79860
81245
79168
78536
79599
79370
78102
79632
93916
81209
80013
80985
79521
78280
80022
78926
78788
77914
77984
93559
79679
80575
78702
84822
79690
78721
78334
77496
77184
79752
92174
80332
79904
76963
78627
77392
78021
78799
78091
79609
79187
94418
80076
78451
79661
91277
77965
77685
78206
78353
78065
90611
92617
80609
77951
78488
78643
86326
78623
78196
77173
81310
77764
93305
79643
78213
77444
79927
78404
77035
77757
80867
78471
77441
92681
78995
77649
79754
78776
78425
77268
80796
78889
77784
77559
92767
80080
78963
78738
77086
77007
80984
80068
78293
77090
77613
91689
79458
85384
77155
77977
80080
78449
78249
77381
78457
79549
93799
86935
79668
77899
82368
88799
81943
79785
78073
79026
79657
93178
80093
79908
80631
80951
77750
78759
77390
78042
78823
78891
92682
80736
79248
79624
77898
79409
78014
78372
79877
79553
77829
92374
81347
79744
77828
78862
78510
79176
78675
79013
77941
78235
93056
81255
77995
78592
78205
78217
78325
76992
77332
79883
80026
99837
81854
79414
79408
78289
79066
77225
79797
78135
80955
79072
92934
80453
79686
78394
81328
78644
79046
78002
81331
78703
78197
92409
80237
80205
80691
78295
78919
80604
80247
78227
93931
79840
79507
79148
79066
80783
78351
80044
78155
79001
77771
92926
81372
78971
78398
80918
78678
81064
78062
78475
77199
77673
92730
79160
78755
81718
79807
80015
78621
78363
77654
78250
78424
94450
80900
79050
78510
78868
78220
78470
79372
80016
78749
78119
94101
82411
79127
80387
78104
79569
78099
78437
78122
80871
77475
92768
80448
80796
77289
78376
77869
77572
78726
78547
77525
83377
93986
90700
80337
78603
77915
78420
78519
79048
77465
78585
79414
93239
79674
78115
77694
77518
79088
77017
77625
78490
78149
77349
92610
80669
78425
77231
78012
78151
77749
78025
78273
78458
76981
91061
79575
76955
77486
76866
77822
79415
79285
77801
76882
77564
90036
78738
77843
79812
77839
80026
77927
77719
77267
77101
77436
93568
80745
77314
77795
79572
81005
77916
85050
78346
77873
77528
93826
79676
78487
78535
79669
79446
78094
77302
77295
76871
78303
92669
80123
79506
79265
77426
77995
77498
76843
77170
77973
77111
94107
80861
82230
84510
78285
78406
79249
80387
77693
77448
77223
93053
79144
78328
77650
77981
79671
77306
78223
79903
78327
80325
93316
82064
78298
79062
77229
77627
78461
76973
78454
79227
79005
93718
78082
77886
77099
77371
77665
77468
78311
77978
79147
83903
93077
79075
77533
78614
78669
76688
76982
78327
77965
77879
76681
93418
78260
76588
77601
77560
77753
78605
77995
91753
77979
82437
92779
77890
79410
77151
76963
79786
79119
77395
76590
77755
77938
93826
79171
79608
78706
78799
77982
78234
76978
77762
76887
77977
93678
78349
78289
78860
77522
78309
78213
79089
78105
77203
77897
101857
79220
78817
79166
80684
78528
76830
77378
77828
78557
77723
93439
80225
79420
78125
77388
86477
77527
76950
78234
78166
77834
91779
80540
79485
77753
78275
79553
79073
78967
78021
77401
81822
92333
78662
79726
79266
78452
77465
78026
78550
77710
78132
79658
93312
77461
78052
77481
78259
78314
76884
78903
80410
79452
79246
92473
79110
77606
78353
78192
78145
77513
77680
77909
79650
77800
91344
77810
78774
79357
77660
82661
79385
78742
78719
77943
79001
93150
84669
78018
78113
84933
84529
82807
86508
77376
77206
76776
91689
78480
77863
79248
87143
79339
77840
77945
77512
77243
77080
92106
80091
78647
78458
78088
78548
77711
78239
77285
77970
78535
92950
78746
80663
78571
91104
78134
80080
79694
78384
78333
78056
91247
79495
78366
79443
77941
77687
99472
114142
86175
82668
85922
82564
70779
69440
67376
73346
96678
96147
96562
98360
97018
96742
96940
96338
96485
97291
99245
95915
98179
94030
94031
94552
94681
96690
96337
98984
96925
95328
96190
94515
96099
96029
93173
97360
95480
94061
95377
96445
97054
97001
95233
96373
95516
95850
98428
95348
93505
95262
97128
96676
93320
94198
93282
96238
97475
94706
94874
96512
102379
98706
97306
95442
96281
97239
96782
97607
95678
94727
95964
95750
97260
95996
94798
97290
96264
104119
95459
96075
95745
95685
94782
104131
95203
94872
95119
97890
92959
95521
96709
97075
95425
96550
95633
96909
95434
95027
95151
96716
94179
95795
96310
94321
94102
97426
94046
94560
94350
95311
95579
92097
93300
93529
91204
94236
96496
95109
93989
92461
98062
96545
94581
95371
97817
94702
96720
96328
97368
94019
95656
96261
95864
94188
97671
96262
95768
93549
95619
97994
97542
94385
97577
95489
97456
96049
96407
104061
97122
96550
97926
96863
114287
96799
103805
99280
97516
97113
96374
98091
98064
97512
95509
99555
97512
97824
96656
97304
97072
97236
98083
96529
96062
95684
98409
97193
96797
94994
95102
99976
96295
97952
97137
96171
97670
97452
96780
99253
97456
97583
95898
97259
97372
96570
97250
97699
95245
94668
96769
97420
96976
97219
97338
99981
97149
95707
96176
96708
96733
95506
95886
97329
96480
96360
96385
94418
96151
95045
96311
98950
97001
94508
95689
95725
98117
96212
96363
97961
97229
97280
95797
95503
96117
95849
103516
99141
98225
96528
97203
105670
95598
102284
96263
97840
95279
95870
96511
97488
96661
96157
97276
98062
97160
96442
97456
96214
96261
98523
97288
98404
97093
95582
97839
97424
98404
98240
96753
97757
97696
97321
96950
97208
96019
96109
97837
98188
96861
96855
95136
95797
96374
95760
95068
96920
96388
96694
96115
95686
96242
95427
100333
98171
96957
97409
97477
96320
96174
94682
96200
99157
96759
95237
95532
95287
96074
95028
96461
99509
96829
95942
96781
96710
96111
97842
96688
99182
98231
97786
97422
97065
97049
97247
97539
97835
98027
100143
100607
95890
105733
96992
97442
98125
97190
97357
98372
106574
97010
96745
97774
97895
97697
98053
97726
97982
99028
97701
97899
98268
97497
97516
98351
99086
97747
97443
97075
98181
97629
97269
98233
99423
97527
97519
97511
99488
96921
98710
98256
98211
98857
97138
96597
99035
97321
97748
98427
97576
99549
97250
98708
98776
98688
97104
96303
96208
97315
97696
95707
98589
96076
97178
96408
96500
95477
95595
95665
97425
96565
97428
97654
98448
95631
96738
112794
96640
102748
97884
95635
97830
95971
102872
96649
97774
96838
99017
97047
97598
97358
97317
97627
100171
98373
96529
96883
97149
96439
96292
96892
99457
94679
97754
97527
96872
97099
97865
96973
98543
95523
94493
95821
97025
98048
97868
95223
99464
95270
98076
94725
97400
95012
95548
95311
96980
95347
96079
96646
97297
98659
96877
96478
99191
96628
96679
96258
96111
96524
96398
97213
99851
95607
95169
95104
96248
95731
94454
96468
97007
94386
96564
95576
96390
101925
94909
94791
96911
95457
107137
95897
96334
94982
97471
96178
99219
97089
96539
97178
96798
97688
96150
95960
98779
96129
96569
96016
95171
93927
95756
95761
96442
96287
96124
97376
96748
98662
96853
97617
97699
96219
95109
96658
96859
98783
96054
96308
98274
96535
96420
96989
96147
96057
96095
95797
97104
94996
97761
97222
97699
97855
96316
98540
97816
97048
95529
96270
96550
96022
97435
97616
98671
98736
96857
96859
99257
97986
95666
97891
106196
102841
102956
97951
98437
100753
95640
97031
98530
99019
97265
97756
95892
96784
96230
98332
98983
97274
96601
96132
96538
97123
97767
97718
99746
96608
96977
100268
96580
99511
96917
97833
98218
111721
98902
98135
96982
97046
97635
98290
97872
96070
96393
96206
97739
95859
95288
95880
97573
97332
95259
96463
96711
96615
98200
99247
98214
98568
97460
97247
96333
96917
97041
98363
97830
97286
98116
97734
97252
97942
98568
97472
104652
97657
96750
97645
98231
95455
96372
97893
98834
96687
95999
97663
97996
96469
97138
97631
98927
98055
97528
97338
97062
96655
99648
97482
99264
96111
97133
95414
97418
97010
97376
96692
97715
96636
96617
96540
96822
97360
98299
96798
98585
98572
98611
96642
97033
96572
98397
96873
97758
96710
97719
95331
96932
95654
96620
96706
98680
97742
96657
98960
98263
97112
96802
95748
95920
96462
95216
95000
94193
94288
92764
97447
96554
96097
94401
93505
94519
95100
94340
93130
95464
96203
96629
94453
98572
101517
93544
96277
95279
94496
94351
93919
96218
96787
94390
96199
97410
96131
95083
94543
96304
95031
93728
93444
97985
94428
91509
95089
92797
93506
92657
104991
97157
94623
94206
97346
95014
95747
93639
95321
95845
94671
96209
95522
93170
92570
96246
95115
96000
94504
91807
95747
95421
95241
95560
93525
95519
97704
93585
92578
91285
92387
92179
93324
96633
94165
92561
94184
94799
92748
92792
89990
94425
91003
90145
90068
90692
92178
96940
94159
92620
90240
92337
90323
92313
91335
90461
93192
93303
94480
95168
90719
96052
95711
95459
96342
97269
94787
95396
94197
93624
102434
100737
94511
93374
94713
93429
95536
93776
93995
92933
95049
96611
94883
94966
94110
93162
96426
91190
92394
92369
91338
94363
96575
91353
94365
92661
94526
96433
99448
92369
92733
93406
94962
96951
95281
97835
96234
95732
95474
94660
93982
94630
94632
106475
98221
95284
95742
95302
92525
94086
92747
94933
95481
92757
90873
94784
97609
93867
98319
96928
89555
92304
93285
92512
96444
90479
94663
98038
95975
94539
94343
95276
93636
93701
93579
95304
96287
95521
94116
91941
93568
92803
93786
95394
96204
93313
95275
92966
97197
92436
94682
94848
95492
92617
92015
92881
93449
92038
91707
96324
93534
94077
91914
94434
93462
92520
93688
95695
93207
92103
96361
96059
94343
92890
93567
97061
95447
92998
93295
94151
93277
96072
95151
95766
93766
92902
93148
93480
95248
95202
94616
96390
97695
93052
92980
93310
96205
94563
95311
96874
94946
96562
94823
97562
96638
95582
95454
95838
93498
93293
91979
95018
94851
92042
96188
96478
94185
95580
94317
93728
94823
95002
93618
95899
94762
97823
95958
94798
95425
95296
96318
97861
95504
92523
96693
96263
96455
95095
94496
95073
93699
93559
93642
94209
93806
92450
96702
99030
95727
97195
92870
93388
97037
94201
98668
96746
95192
92333
97105
93397
