23042
15582
13909
12296
13285
12543
13003
12718
15421
12872
19266
18086
19135
17748
18176
18141
18923
18356
19199
18482
19651
17526
18780
18130
18998
18352
19785
18101
18906
18242
19520
18039
18254
17272
19595
17668
18633
17953
18887
17697
19012
18261
19380
24306
19934
23784
25119
23450
23676
22219
24587
22335
23643
21588
23379
23607
18158
21911
15872
20255
14449
24219
22289
19874
20892
13535
22496
19753
20193
20189
20792
14528
24879
21424
22096
19825
15441
20203
20349
19825
20618
19646
14615
24215
21985
13831
22134
19459
20538
13470
20610
13838
21560
20059
25027
20879
15154
19727
21167
19711
20423
20148
15526
19712
20061
23327
23126
20306
20730
20199
20997
14901
14837
14589
21063
19672
18811
24805
14588
19977
14632
14261
21020
14318
15062
14209
22163
24235
15385
14170
20623
13764
13870
13523
14344
13811
15491
13789
19380
14504
13966
14156
15310
13808
14235
13282
15312
13618
13676
17405
16132
14334
14431
13653
14901
14233
15790
16906
15123
13860
18434
15181
15313
13708
14832
13577
15533
13767
14530
13722
14868
17708
15171
14550
15140
13868
15063
14025
14661
14242
14331
13973
19210
14490
14487
18977
16273
14296
14643
14358
14874
14400
14423
18022
15610
14070
14967
14395
14753
13914
14555
13474
14134
13802
19250
14919
15493
13586
14605
13932
13951
14092
15329
13461
14610
17831
16185
14234
14893
13583
14487
14161
14834
13698
14435
13832
19057
14864
14945
13777
14865
13974
14395
13967
14735
13472
16401
17700
17074
13964
14516
14382
14943
14427
14676
13884
15543
14118
19563
14655
14766
13943
14573
13972
14651
13583
15197
13502
14348
18262
15377
13911
15272
13971
14773
13976
15275
13742
14233
14067
19070
14673
14302
14196
14879
13752
15841
14213
14821
13645
14525
17757
15891
14703
14117
13721
15581
13908
14477
13648
14599
13701
19387
14801
15173
13893
15205
13976
14671
13779
14385
14131
14571
17798
16039
13766
15197
13999
14730
13990
14681
13352
18261
14389
18816
14212
15318
13587
15160
14002
14555
13602
14456
14223
15088
17519
17131
13682
15160
14174
14781
13919
15320
14066
14885
13805
19141
16680
16303
14673
14718
14066
14711
13727
14382
13449
15843
17626
16691
14651
14294
16775
15382
14261
14684
13872
15024
13896
18679
15164
14710
14083
14546
14638
14557
13924
19364
16711
16364
18497
16029
13915
14753
14203
14185
13865
18382
14742
14532
13715
25643
20458
21303
20016
14968
13496
21595
14321
20363
14046
20495
23380
22190
13821
20429
13717
16040
20281
21358
13932
20636
21041
25711
20406
20434
13887
15378
14493
21290
19710
20522
13666
14613
24204
16795
19637
20915
14116
20406
14060
20752
20243
20849
14073
25126
21178
21490
14332
20155
19616
20002
19974
14378
19209
19814
18450
23013
13842
20350
14579
20576
19310
20257
14019
20993
19940
19563
20914
21069
19958
14854
20279
14939
19555
20910
13910
21954
24406
22058
14540
20329
14458
20670
20246
21053
13867
21370
20366
25020
20623
20560
22277
22280
20438
14532
20516
21918
19589
14566
24543
21790
19854
14841
20162
20612
13817
21405
14820
20719
20164
25423
14574
15402
19479
14448
14374
22181
20303
20515
14286
21203
23902
22177
14133
19861
19960
21682
20055
20246
14069
20908
19944
27249
14541
14755
20062
22068
19746
20305
13925
14693
19810
21017
18237
21771
14172
21838
20772
20033
18896
20623
19527
20872
20208
31347
28846
16118
14357
20720
20294
20895
20479
14579
20170
20703
24873
23255
20480
14603
20344
20588
20172
20944
20035
21593
14011
25682
21154
21394
20801
20915
20515
14418
20675
20444
19519
21830
18536
16120
20368
14606
20610
15300
20411
21608
20648
22220
19992
25565
20359
21239
20383
20937
19954
14839
19836
22034
20380
20724
24324
23045
14122
14242
19690
20815
20007
21445
19458
14257
20668
26501
21328
21424
20381
20181
19132
21087
20223
20491
19905
14679
17593
22039
20046
20448
13823
21173
20327
20163
20419
20889
20225
19589
21009
14671
19654
21730
19905
20816
19677
18926
20379
24058
23898
22374
19805
24429
24471
17704
20566
15272
13684
15249
20226
18718
20818
22187
22200
22269
20103
20889
14209
20480
19585
21079
24297
22134
19946
20374
14091
20984
19744
20738
20065
21624
13912
25687
20723
14825
14197
19745
13744
20602
19128
20099
13977
15964
24551
22592
20345
14412
13715
21097
19942
14915
13940
16039
20176
25807
14967
20368
20623
14823
20228
14279
20533
21340
20653
20576
23874
22505
14966
20938
20512
20816
20190
21208
20700
14968
13914
25738
20817
21424
20655
14950
20199
14593
20274
14620
19959
20567
24206
22207
15008
20346
15036
20832
20320
14484
20260
20269
14079
24960
19794
20674
15105
21916
14241
14953
20247
20572
19769
20135
24504
15956
21137
14513
20018
14816
20088
26023
20226
21104
19648
26390
21783
21448
22929
21346
20030
20742
14028
14603
20171
21765
23277
16283
20445
14725
19464
20962
19577
20576
19856
20525
21016
19327
21204
20366
14241
21093
19727
20806
14062
20752
15116
14631
24327
20994
20394
20107
20020
25489
13837
20336
21079
15862
13928
25697
15238
14743
13673
14318
19624
20762
20766
21032
19733
20683
23862
22545
20457
20208
13920
20760
20716
15351
13937
20065
20429
25098
21454
20292
14364
20566
14786
22068
19547
14694
20277
20639
24375
22291
14097
20598
20971
21414
14073
20302
19512
20013
19972
25107
20755
21002
20638
20829
19906
14448
19152
20524
14222
14097
18347
22176
20894
21611
20377
20546
14000
14568
13723
14286
20254
19196
20910
20982
19885
20777
14151
19692
19956
20500
19675
19818
24268
22700
19487
20790
20448
14754
14081
24327
13762
25409
20382
19746
15241
14582
19982
14537
14365
24065
15121
21145
21202
20935
23715
21976
14340
20929
20094
20401
19814
20557
20034
14695
13885
26015
20595
20819
14081
15493
19621
20634
21352
20869
19685
13852
24603
22240
19392
20657
20752
20517
21083
14470
20344
20332
13690
25413
21287
20624
13783
14590
20567
22287
22241
21264
20569
14557
18529
22233
20272
20686
20704
20954
20122
20831
20357
14667
20359
19522
15147
14956
14644
21028
19266
14117
19781
19788
13846
20257
18330
16941
20592
14676
13836
20741
19622
19912
20681
20820
13716
25182
21708
14802
19766
20482
14037
20397
19809
20263
20475
14453
23909
22249
20033
20407
20092
20282
14140
20892
19457
20737
15117
25219
20434
14393
19558
14773
14028
20500
13998
20822
19810
20709
24092
22310
19649
25273
13540
21303
18829
14484
12946
13463
18820
13407
18628
18975
22604
24860
16546
25954
23791
17879
16933
17321
16131
18137
15727
16498
15223
15794
15129
19445
15666
15917
14496
15565
14143
15252
15055
15528
14801
14802
17814
17107
14407
14828
14663
15144
15394
15750
14958
15459
15785
18872
15100
15456
14681
15628
14194
15417
14627
15146
15124
14987
17791
16134
14869
15747
14838
15236
14707
15312
15914
15014
15388
18929
15457
15582
14999
15208
15000
15128
15988
15961
14405
15318
17668
16532
14373
15492
14438
15856
16114
15281
14653
15689
14640
19182
15504
15571
15144
15017
15759
18051
15744
15696
15055
14830
18017
16541
15379
15233
15750
16107
14922
15246
15049
15110
14747
19287
15128
15017
15185
15240
14909
15324
14913
15800
14767
15143
17869
16462
14996
14629
14636
15616
14583
16042
14382
14580
14909
18638
15548
15719
15249
15168
14685
14360
14681
15387
14011
16058
17803
15778
14717
15042
14413
14643
14654
15490
14545
15215
15185
19298
15151
15217
14543
15324
14206
14991
14711
14618
15055
15198
17302
16921
14682
14705
14237
15254
15510
14984
15340
14866
14585
19274
15189
14983
14392
15252
15003
14849
16570
19799
16732
16772
18862
16947
14559
15822
14857
14970
15314
18426
15373
15372
14334
19203
15424
15552
14468
14599
15382
15612
14151
15260
14767
14850
18402
17096
14480
14483
14953
14830
15327
15813
14096
14879
14634
19694
14734
14936
15559
14872
14877
15498
14563
14857
14860
15429
17557
16610
15378
15848
14596
14991
14336
15082
14211
15126
14362
19726
16194
18253
15186
14999
14590
14633
14552
15430
14686
14690
17995
16253
15393
15463
14289
14617
14260
15758
14135
16955
15235
19588
15174
15425
14883
15565
14736
14807
14705
14798
15399
14722
17995
16955
14473
15024
14365
14965
15195
14685
15773
15303
14416
19891
15496
14991
14552
15353
15162
15089
15266
15166
14763
14876
17915
16126
14742
15059
14616
15786
15440
14951
14794
14955
14815
19916
15134
15045
14820
18668
15129
14843
14167
15237
14350
14890
18280
16750
14974
15232
15299
15139
14072
15287
14260
14876
14574
19184
14829
15568
15203
15680
14210
15651
14856
15261
14230
15084
17910
16651
15766
15429
14236
15594
14220
14874
14002
14799
14249
20238
15415
15691
14038
15327
14751
15270
14099
14816
14527
14818
17959
16413
14406
15062
14228
14922
14345
14871
14820
15765
15511
19046
15110
15949
14275
15134
14718
15518
14494
15264
15237
15250
17603
16901
14819
15424
14851
15497
14816
15276
15202
18410
14864
19238
15628
15254
14710
15509
14222
15225
15550
15519
14607
15041
17818
16019
15068
14992
14600
15541
15270
14829
14328
15696
15011
19045
15022
15768
15357
15397
15426
15332
14843
15208
15003
15352
17972
15900
14767
15858
15344
15760
14549
15472
14750
15129
13736
19116
15422
15674
14983
15735
14345
15166
14293
15185
15212
14918
18600
16066
15742
14815
14245
15188
13875
15188
14446
15180
14618
18973
15961
16478
14223
14901
14586
15613
14245
15381
14284
15337
17888
16183
14347
15116
17316
15595
14366
15047
14219
14855
17231
20304
14759
15927
14182
15041
16189
15520
14043
14956
15943
15187
18292
16778
14251
15054
14439
15471
14452
14878
15258
14967
14144
18490
15058
15196
14842
14669
14037
15248
15142
15359
14319
15386
18153
15996
14549
15079
14509
16131
14850
15258
14676
14997
14360
19323
15272
15360
14539
14823
15402
15532
14149
15032
14126
15183
18698
17151
14609
14952
15210
18426
15534
15318
14614
15791
14583
19096
15493
15390
15830
15735
14185
15077
14628
14923
14210
15631
18260
16377
15348
15541
14547
14998
14379
14695
14341
15542
14267
19493
15580
15280
14400
15622
14729
14989
14270
15530
14442
15674
18185
16190
14481
14711
14512
14829
14379
14799
14881
15618
15417
19269
15549
15257
14744
14903
15113
15296
14774
14793
15306
15906
18275
16297
14621
15320
14623
15090
14421
14940
15618
15228
13991
19126
15164
15813
14507
15679
14114
14988
15266
15596
14903
19797
15201
15335
14448
15452
15141
16121
14838
15195
15328
15495
17630
15887
14763
15831
15081
15569
14609
14981
14254
15410
14366
19341
15496
15351
14913
15176
14833
15399
14953
15173
14114
15127
18397
15734
14809
15773
14697
15390
14691
15455
14907
14945
14376
20034
15967
16000
14650
15237
14429
14901
14205
15455
15329
15511
17366
16551
14542
15552
14765
15230
14507
15044
15240
15464
15179
19301
17611
16610
14702
15294
14154
15112
14602
14756
14603
16161
18413
16446
14673
15182
14590
14978
14750
15070
15171
16359
14238
19517
15323
14980
13980
15092
14226
15418
15093
15645
14099
15120
18380
16885
14341
14960
15150
15015
14738
16020
14474
15090
14220
18835
14419
15141
14519
15486
14518
15290
14288
14712
14084
15185
18210
15638
14366
15281
15253
15262
14661
15451
14335
14686
14136
18799
14824
15128
15042
15682
14783
14986
13922
14784
14106
15093
18441
16840
15273
15875
14142
14766
14118
14724
14004
14712
14517
20057
15527
16070
16178
15977
14901
15065
14462
15408
14712
15084
17991
16369
14731
15361
14509
15253
14099
14565
14598
14634
14871
19884
15471
15616
14856
14903
13968
14683
14698
15050
14547
14676
18025
16206
15086
15407
14457
14677
14444
15519
14860
15508
13942
19281
14547
14986
14183
15772
13838
15591
15476
15016
13956
14981
18618
15088
14328
14713
14210
15254
14542
15086
17792
15181
14042
18714
14615
15748
14731
15424
14920
15514
14137
14748
14334
15703
18490
16520
15110
19513
14890
15142
14359
14776
14433
15079
14156
18978
14504
15072
15182
14846
14217
14985
14224
14815
14136
14595
18263
15805
15268
15406
14167
15268
14391
14613
14476
15239
14086
19638
15474
15260
14361
15151
14252
14622
13897
14681
14768
14676
18005
15680
14569
15079
14149
14807
14312
14964
14703
14949
15596
19327
14793
15199
15063
14773
13950
15301
14689
15248
15342
15013
17930
14823
14726
14490
14682
14629
14599
15104
15133
15050
14962
18813
14581
14871
14373
15580
14751
14846
14864
15238
14240
14913
18205
15817
14557
15251
14468
14487
14903
14618
14439
14840
13965
19556
14130
15449
14788
15212
14610
14592
14869
15456
14012
14723
17943
16313
14853
15182
14971
15841
14987
15224
14503
14327
14267
19059
14949
15094
14749
14808
14762
14624
14339
14861
14685
14714
18015
15770
15233
15598
17392
15580
14579
14760
14029
15577
14841
19503
15223
15571
14657
14589
14038
20150
15927
30011
15818
16463
15934
13433
12959
13470
13210
19557
18332
19651
18581
20013
18476
19226
19072
19474
18100
18901
18234
19886
18196
19239
18524
19313
19102
20262
18261
19914
18067
19489
17698
19240
18179
19380
18336
18876
18634
18588
18947
19921
18989
18926
17975
18718
17606
19118
18127
19393
17346
19919
17343
19348
18476
19298
18133
19562
17863
18960
17994
19031
18921
19844
17632
19635
18099
19435
17873
19195
18339
19289
17054
19986
18015
18872
18084
19112
18012
19111
18029
19822
17558
19000
18273
19057
18715
19124
17744
19545
18159
19529
17431
19286
17996
19970
18408
26037
18021
20023
18833
19515
17997
19012
17450
19373
18355
19522
18624
19056
18899
19213
18445
19282
17867
19356
18099
19061
18076
18916
18298
19250
18055
19332
17420
19249
17476
18616
18255
19218
18765
18693
17699
18798
18063
18878
17777
19093
17534
19046
18319
19483
18844
19577
18893
19653
18174
19257
17842
19201
18495
19607
18131
19232
19307
18801
18179
19111
18227
19541
18178
19273
17898
19752
18808
19436
18461
20271
18027
18690
18182
19750
17955
19729
18432
19605
18691
19982
19106
20090
18451
19583
18367
19724
18420
18611
18783
19068
17896
19626
17912
19595
18595
19079
18426
19179
18821
18914
18332
19406
18414
19434
18094
19091
18278
19698
18758
19594
19322
19973
18316
18980
18374
19928
19579
19314
18267
19559
17785
18881
17513
19121
19063
19259
18266
18947
17653
19082
18713
19313
18104
19316
18605
19255
19067
20045
18263
18662
18157
20045
18676
20159
18821
18807
18187
19363
18860
19153
18669
19562
18108
19044
18558
19486
17715
19439
22871
18938
18617
19215
18291
19381
18520
19736
18373
19972
18528
19796
18203
19674
18850
19194
18881
19832
18072
19713
18748
19599
18443
18947
18468
18870
18266
18725
18622
19683
17876
19596
18445
18680
18673
19354
18240
19507
19096
19213
18736
19037
18056
19422
18193
19294
18199
19298
18183
19662
18452
19923
18585
19369
18234
19965
18198
19821
18836
19907
18547
19849
18512
19907
17806
19226
18189
20045
18927
19004
17765
18566
18181
19789
18438
18902
18015
19187
17679
19224
18460
19338
18419
18877
17877
19761
18560
19115
18773
18834
18120
19576
18292
19628
18731
19315
17731
20111
17875
18703
18775
20236
18261
18721
18120
18916
18197
19577
18605
19889
18354
19307
18168
19826
17888
19601
18516
19684
18697
19741
17444
19528
18126
19699
18592
19649
18325
19855
18706
19868
18301
19844
18716
19356
18406
19230
18449
19394
18585
19853
18370
19292
18527
19245
18055
19731
18147
19126
18202
19680
18223
19677
17869
19673
18117
19181
18280
19083
18833
19615
18347
19535
18692
19820
18073
19893
18553
19628
18386
20130
18902
19525
17898
19746
18593
20067
18182
19458
18394
20036
18462
19673
18469
19251
18568
19128
18321
19625
18529
19604
18639
19323
18193
19731
18202
20141
17853
19764
18876
19918
18599
18922
18079
19656
18047
18967
18899
19931
18219
19608
18575
19234
18497
19408
18805
19578
18155
19461
18493
19164
17926
19733
18436
18539
17593
20063
18220
19299
18221
19788
18210
19216
17922
19567
18749
19278
17863
19388
18102
19401
18089
19369
18240
19806
17842
19161
17985
20148
18919
19841
18655
19762
19155
19115
17809
19090
18252
25569
17787
18775
18329
19682
18249
19712
18622
19240
18367
19573
17639
19639
18240
20145
18399
19558
18369
19026
18773
19607
18582
19542
17884
19222
17869
20601
17608
19828
18603
19254
18132
20282
18435
19545
17747
19647
18062
19074
18297
19338
17676
19784
18232
19475
18544
19398
18973
19771
18328
18944
18429
19590
18181
19464
18048
19387
18834
19413
17984
19366
18401
18884
18393
19832
19366
19245
18331
19648
18406
19114
18641
19249
18383
19484
17682
20473
17856
19247
19415
19580
18265
19683
18269
19312
18445
19582
18979
18693
17850
18980
18318
19080
18824
19030
18023
19272
18514
19349
18490
19288
18367
19553
18221
19542
18106
18669
18229
19059
18306
19350
17982
19172
18658
18924
18031
19021
18686
19559
18131
19938
18099
19114
18316
19647
18683
19767
18760
19890
18731
19255
18187
19516
18399
19557
18623
19628
17835
19397
18326
19198
18759
19366
17986
19452
18064
19486
18090
19330
18698
19350
17849
19106
18751
19186
18050
19744
18239
19907
18550
18657
18657
19193
17941
19744
18085
19147
18272
18926
18712
19106
18033
19743
17681
19706
18101
18968
18484
19174
17883
19670
17752
19943
18031
18484
17323
18962
17894
19389
17839
19055
18177
19402
18207
19907
18869
18672
18103
20156
17266
19152
17919
18772
18634
19378
18060
19171
18472
19534
18737
19485
18338
18801
18249
18850
18919
19547
18305
19231
18120
19367
18217
20238
24094
25162
24486
25164
23973
24986
23864
31264
24221
25472
24276
25270
23966
19359
17887
25885
18712
25752
24560
26310
24511
25922
23509
25250
18012
25159
24424
25083
24448
20072
23577
19742
18180
25726
24715
18780
24309
25193
18844
26058
24616
25353
23643
26258
24930
19129
24351
25362
24032
19251
24023
25341
23822
25179
23926
24899
24483
25493
24292
19289
23575
25165
24600
25805
24371
25266
24692
19337
18517
26064
24040
23939
24261
25491
24465
25427
23350
25293
24277
24939
23835
25112
23133
25086
18955
25191
23085
19204
24033
25182
24213
25084
23320
26227
18780
19490
18062
25638
23938
26198
18226
25700
23699
25377
24522
25678
24605
24789
24259
25238
23614
25240
17582
24878
24165
25764
23624
25856
23699
24868
23697
25648
18088
26224
18106
25709
18802
25633
17977
25468
24602
25145
24178
25157
18455
25415
18268
25256
24217
19711
24426
25612
23949
25488
24352
25217
24141
25579
24766
19467
23740
25037
18082
25754
18097
25096
23342
25442
27459
25532
17300
25247
23100
25162
17991
24952
23922
24844
24548
25144
24102
25170
18636
25421
24247
18729
17481
25429
24185
25578
17850
18977
24360
25491
24479
25702
18784
25051
24506
25499
23652
25007
23365
24927
24454
25468
23816
24522
24298
25074
23700
25922
17923
25260
18487
24543
23866
24048
28171
24515
24390
25332
24186
25230
24331
19640
18426
19244
18117
24363
18394
19022
23639
25830
24435
19232
23402
25120
23719
25004
17958
24988
24652
25936
23846
25141
24526
25106
25098
25770
23543
25289
23960
24816
25025
24960
23570
25211
24037
26124
23558
25326
24333
25892
24529
24907
24121
25365
23774
26311
24408
25328
24422
25777
24158
25669
24020
17965
17432
19144
23829
25397
24332
