3 total request(s) per second
804787
676818
658489
946455
725318
754285
949727
717360
717673
902334
689112
609909
865139
732333
616238
1045582
747290
830506
888963
678251
686052
955813
700424
804286
822116
727717
655135
959805
769326
762133
811059
794509
746979
759370
737350
727102
934510
763606
641770
850891
680713
613501
917177
698826
687854
911314
749918
686998
969317
740068
743209
887581
613788
676368
862933
632319
695568
834954
658878
713097
Errors: 0
876117
735775
670628
890255
650266
675064
933965
844859
710175
827463
703214
661903
928218
726904
689726
788140
709597
619560
976811
743809
656134
845196
726742
647731
858940
660648
656284
955800
738511
719997
886650
722192
649937
913044
764864
698512
793202
712747
660383
822144
631655
693638
947307
713524
715897
816174
642559
642300
788619
701730
611184
889934
662794
659178
899505
727665
728734
915506
674306
687498
Errors: 0
816002
747063
740677
827692
702847
704218
933966
849729
694723
886381
766823
628730
941189
718050
738674
879999
689677
660675
905345
683065
677420
864170
697218
675923
907481
734191
614425
970814
745135
739839
973414
753321
742508
969487
657266
697089
905140
901997
871581
971846
822185
695116
1051505
765905
778593
1015095
862859
916245
888233
800022
648778
936817
723053
759645
1048546
780511
814497
1005194
771456
761081
Errors: 0
837658
670140
685618
887048
676173
719856
886791
705972
675107
971360
805531
685329
874119
658222
691082
853992
879637
667743
887708
699949
652534
842088
724092
662728
890774
698528
668707
996998
715865
708089
931916
708758
705218
875132
659542
742892
839906
720275
655945
877937
731533
673601
893264
704327
711667
809607
728772
685799
939963
690028
1050574
924442
800813
711802
861052
725400
649105
885107
707614
599697
Errors: 0
968369
732927
821025
923150
757669
750967
877855
645445
650325
838337
745017
669469
948039
715504
781942
825955
669722
648528
865221
695585
679784
920285
728190
678986
872524
723439
801114
898213
721007
710850
949088
714455
707536
1809887
730967
694005
1150466
706406
708162
838156
688275
642223
882389
649680
677660
890728
738435
659625
880186
655976
746239
946315
666482
641510
930980
681432
663127
1089382
830082
862171
Errors: 0
959232
762399
720554
846942
919239
789728
934810
738673
760744
772492
678603
656120
1077084
767547
742819
821471
744244
724341
932799
700754
726180
811679
702167
709539
949602
785846
696434
809579
778674
739112
1109154
835899
782311
870546
654953
665526
866841
791300
649559
902398
653476
648878
930586
795648
762688
990705
749201
783534
848902
660862
654162
931550
716457
706240
846659
679287
644416
907360
780059
683991
Errors: 0
857136
673468
640334
894603
719549
614823
912942
688277
678308
902626
738034
671782
899790
668416
686984
839099
710685
665760
930970
818340
764630
942252
796608
687281
979215
884485
899054
909852
798785
758765
915596
814977
735916
975987
805371
747403
931829
685346
742947
936637
721424
739430
989457
740012
728424
840000
666961
609900
952941
817723
814514
823174
728456
891594
885679
682501
869308
969653
793929
720240
Errors: 0
923884
685071
853106
955195
764580
794235
897171
663010
664924
988777
737945
748885
952954
705169
720716
918739
752714
788469
919813
700748
719180
995534
792872
745029
910689
806498
724978
1085303
860768
779496
965157
765205
1617858
782419
688075
668229
826281
667718
631999
911063
706504
702098
1548446
845484
888834
935756
797293
646398
881878
724649
731807
866925
746937
720551
897718
709120
652392
875271
687645
699886
Errors: 0
914326
684945
756553
886938
766737
782590
949775
748642
718723
934170
744414
771794
844090
717369
678849
934451
743403
779167
927182
775662
801020
959852
810734
776895
872927
762379
696907
975279
768078
707780
1104659
2132867
828636
856180
722835
773892
919339
680533
693147
863792
776626
712714
933366
688697
728032
902666
845406
730028
885560
803990
745494
912919
715683
631249
1046801
782268
728934
919105
702716
676363
Errors: 0
819613
699378
663691
901286
747937
664262
914531
726137
672219
838789
700014
615764
858330
750496
657023
867766
704316
636871
858255
639338
634766
854800
678673
655626
894839
704804
730575
901538
700187
652367
931918
698866
701858
812973
698147
611741
938981
710387
763116
899253
724661
787808
1113834
679365
664281
1071668
747876
676872
886771
828514
767529
908947
713368
763727
864315
643367
680740
991390
741113
698690
Errors: 0
845019
720666
721497
818572
696234
697923
891819
756920
712694
963417
728056
738513
824791
687914
782802
944488
672587
903934
933482
845922
750446
840665
634213
643574
947352
680986
705969
1067341
751032
789154
817528
767382
646856
938512
775589
777167
952659
693478
727798
962593
722487
773146
958186
735800
650663
915753
736461
656979
885040
770597
710632
882830
775780
686105
828536
691306
676085
1121905
882247
822463
Errors: 0
881520
866892
877116
843960
822302
685092
846424
665367
984569
906068
706077
772977
869998
1022882
706994
1633061
707574
638512
1472377
833485
702489
876421
637911
724132
926625
820713
851890
925769
827081
832617
914070
753165
758894
1030343
817784
808110
956929
722185
770652
926885
690412
738411
979170
823213
764880
957373
778294
759060
942761
744783
770992
973456
800920
851509
965424
820502
836007
932878
744729
750475
Errors: 0
924880
765743
766024
829765
756076
821403
909104
767798
693419
955312
769458
824194
907650
756128
812583
937668
725117
718317
876813
756731
1201396
904102
747756
1610345
936372
1650009
763160
1116423
1655733
757077
858555
749569
706484
989012
729415
746079
1234863
820598
743698
1198710
709942
763119
1311181
765993
2090899
1007039
751970
722806
1010743
789062
692529
894009
836961
889161
936245
709010
718625
961900
696663
741589
Errors: 0
2259287
820748
713887
917198
726712
1461392
915442
680228
730581
983759
712414
775095
931060
828018
731820
899494
760037
756417
867676
712141
716526
827379
688172
724093
857351
764620
687677
967353
752328
730065
916768
725675
738442
845364
718081
674115
810043
722041
672578
935897
722300
700821
981510
719137
1224643
886397
756569
686119
868961
710436
697426
896446
716081
684527
868783
753357
673450
912835
716936
712441
Errors: 0
798311
696816
688367
816050
713840
658715
819098
735762
668370
1052828
802376
803914
851991
712011
708980
906802
679432
740865
849442
713670
734238
964453
843962
781134
893304
791157
748858
837780
744461
688893
917134
828144
782056
840954
758005
677073
925080
795066
691759
842774
795499
698909
798361
739915
680866
806441
701250
689433
989170
757164
693459
979279
822197
734657
920025
850972
751283
1037365
719656
791037
Errors: 0
938235
726870
682405
793422
786832
2235187
825154
740880
706208
897829
671133
730859
863705
839651
683474
901717
706949
761774
940227
720163
750406
854506
690830
659436
883286
1057332
910516
911019
711844
666399
922774
703150
707124
923209
696208
682833
878638
705885
788096
851388
693804
633199
816714
707383
672953
946748
749804
711522
807190
662181
659200
859818
704181
622845
960413
719762
678003
821352
731676
647512
Errors: 0
904975
723991
659834
863804
645109
666633
872110
641995
687546
886108
631228
687439
913591
685277
645396
935026
706920
641675
874677
716538
681884
844018
687133
670055
821145
655506
626480
1027188
720980
629762
793855
716429
653947
877097
678274
663186
826798
703383
687898
876971
682569
664656
1295203
828611
797636
1048018
662520
680842
880140
688329
699792
868229
729355
671549
907458
723097
690043
895481
724497
630688
Errors: 0
878488
683405
671359
907337
712197
678897
1031436
852841
805770
818654
697221
652885
978333
738865
723123
924907
724355
701527
967780
828655
831223
932750
863332
814694
879164
652007
757097
816328
654417
676294
857694
634365
672399
926967
833361
822641
921037
675804
649928
1054057
787745
794033
891710
734258
785198
836760
697325
709287
1003377
729805
739099
895036
767248
794181
900009
734785
693268
949214
718785
805115
Errors: 0
847085
617831
699495
863620
644399
678780
819167
686045
637861
786604
715595
672930
913580
686026
701695
856973
720811
626315
934848
712683
627499
838193
672844
667198
848591
727669
679552
893110
727842
711183
811306
674060
653991
846140
702241
676683
935724
685253
684653
909152
690854
677209
962857
760157
681269
1376450
791290
716198
1293114
729442
739288
1586161
734797
651502
1231433
738811
680959
932759
791309
693565
Errors: 0
975895
713110
679074
798078
707174
660321
834013
653788
685901
864917
710437
708339
837934
654761
659590
825476
689446
665521
811199
675715
647481
919060
777976
749321
787789
727216
666659
949600
721492
888968
851502
709303
622642
932133
753665
711789
824967
682732
623550
907072
659865
661626
894866
728012
712018
876072
677366
795203
848813
633675
670190
915917
736998
630354
944283
749160
622628
968903
769539
729002
Errors: 0
863857
727773
702167
849200
700664
659172
925589
710288
739112
1416785
774236
763708
1030947
714911
701007
987279
781255
746206
946163
793972
810577
974043
760448
751640
960635
752394
747959
945886
773292
704013
984794
768731
735691
954073
722824
726678
956066
740128
714308
994276
729642
737922
1053912
796087
666118
835629
676161
613416
1022997
884571
817305
935946
670718
643865
892628
671476
683976
1000114
819076
713991
Errors: 0
911452
720336
711699
844120
733757
697732
925102
716722
729809
997188
830619
692864
946331
739701
626740
870431
726925
641059
890076
649545
607316
847535
680111
603240
914199
671480
682028
995088
761587
705298
858050
704903
718971
900741
713609
731210
882425
750494
718016
910315
680245
704596
969690
728586
712670
940598
762207
659509
887840
757558
739986
886776
663570
637422
881222
670391
656501
914961
785845
789680
Errors: 0
999827
727733
669912
963171
673714
696924
910748
798799
744364
967280
670713
688573
985063
675169
719239
898833
746908
683318
924900
815033
711620
904155
679082
647130
921822
658003
642534
940354
698286
666678
882345
726576
654254
878480
699480
677725
977818
743182
737713
947162
804193
797185
967029
738161
723320
899617
780735
703868
947982
785654
746074
930967
756794
734968
963536
667154
669714
1078893
747789
655491
Errors: 0
924077
850822
693155
885154
653881
662877
966965
712091
721586
936430
717653
714745
913094
718280
668442
881288
686268
717322
885546
654048
665861
841974
702086
680830
906485
685590
734105
1016086
704592
714086
951010
721016
700991
819118
697091
664318
820573
686565
686012
825534
667936
666682
941466
678863
673467
951146
691273
682157
1027190
777135
723911
912126
676537
780029
946539
731660
688667
960041
748357
677789
Errors: 0
895502
705278
674280
870130
703801
635346
851815
695918
649059
796657
633452
654513
945952
767875
699380
850630
697909
673597
899386
725537
721859
900450
701048
639162
871058
696639
702241
902998
688610
738487
901993
686072
711908
926941
697766
705096
984337
694698
721923
947852
832698
908297
921535
839390
730128
979448
801711
711555
931840
802959
746400
953921
812302
723777
886780
699443
781104
1048165
715184
731719
Errors: 0
934116
711206
723446
880751
733838
698380
1006538
766311
745205
901828
833879
903422
941092
701489
724571
922466
685616
710166
1007955
783055
763306
935646
693061
675722
840870
733999
674031
986603
705789
671805
998897
693989
702524
876596
637514
654529
880212
663436
655753
837628
739692
636602
990856
708447
671592
917640
745029
752338
978414
747087
714279
971259
743443
730833
807069
715953
651174
1044621
791531
772453
Errors: 0
1046277
871629
835774
893832
724694
808717
909595
835864
708476
944859
778835
715331
945374
710339
654702
1031299
790774
741651
906166
743729
688442
976879
787374
777229
958718
713950
732097
940645
805108
696836
1061345
813973
958119
918142
701659
708071
957190
724214
677491
919129
682036
685463
1030806
770239
765343
1152758
843451
689824
953549
697776
765877
925368
746195
731899
1036504
692639
696630
960605
783627
736285
Errors: 0
893643
718264
664132
973711
827872
760151
954685
743984
785153
976048
754783
769610
943088
833084
713095
871386
677054
682142
1067999
742090
714733
955567
834971
745322
828138
729968
606832
979193
739403
661035
892687
707834
710288
847944
789519
733738
944177
676138
700288
859977
664053
693722
839812
760443
702469
963199
740458
732942
877988
769947
683680
894521
681183
663971
833852
682673
659138
915273
667100
691307
Errors: 0
1023828
780012
708497
848878
708964
720254
964387
727752
637766
947541
749898
704406
929448
704507
667478
926321
797247
704834
901158
718107
733638
979524
731002
742600
883149
732500
702587
956860
831438
818513
953308
755688
740636
897108
712020
767729
904673
700528
690705
972957
771575
721756
985188
739870
753169
951341
799435
750573
906141
807731
757700
932852
718902
753735
871320
732035
690967
958967
700737
785377
Errors: 0
972268
733837
694983
932626
747362
680570
937410
750814
699550
906793
746294
689546
906429
722274
659863
956023
733680
693778
932226
775262
632705
949488
778613
714875
996955
701562
705289
914432
704395
740724
849238
710714
627166
919429
686844
650216
1003872
800302
775207
913848
785169
691784
832747
716105
628978
870648
650295
691909
959382
743398
721205
979213
779125
1183627
929489
819100
738394
855228
679399
638355
Errors: 0
969028
723020
723855
795624
666843
613375
889503
759328
745373
831017
719795
656737
965321
745873
756838
933629
765332
680118
874813
780786
697409
815063
663271
615433
835180
719451
624337
925385
721455
711642
883724
789217
748551
813533
674750
660724
964630
737439
717983
859753
741725
688852
879708
659099
661532
889344
762571
714769
821061
686711
650030
814099
673660
644308
842705
717248
669761
936389
690755
699249
Errors: 0
871351
671276
726637
939755
672198
663092
919677
798956
814506
1033813
770667
750204
879848
753025
724322
1033332
985601
744146
955745
867600
834927
888909
677306
679559
891637
876194
831182
790182
722184
633956
904697
767522
689735
849383
661241
705045
841591
701983
684092
946342
768357
653803
833554
730992
692128
925213
836003
756952
840363
711796
687956
829338
687592
688546
869275
744336
686452
931981
725911
672796
Errors: 0
1103266
874950
809610
886777
770714
733929
903467
678218
752680
1051650
721877
688734
832806
693349
788395
913075
721398
697377
988557
816704
830669
899587
668043
685749
886445
782990
691970
831574
683644
654204
955237
688712
718583
918943
650361
668800
899719
754873
850635
823819
823702
682769
992773
796560
796026
1000640
759150
751959
956163
704411
658060
925292
794186
675640
905044
727232
730191
849769
730041
643394
Errors: 0
916381
730561
647947
847898
725603
684632
868725
648215
633397
879859
682555
651600
845339
782650
660254
833081
713049
689248
837455
737213
671136
920172
813446
814923
1016541
755335
781505
893468
712122
655458
834525
710192
643393
823567
651552
618346
874457
644784
694346
954802
730766
657249
811853
809807
690428
968954
773180
694439
831800
677133
683726
868952
748894
702743
913812
749544
726921
880386
755872
702288
Errors: 0
862203
726948
719688
900821
713569
714919
899124
716012
686667
870679
694348
704466
819926
793601
791404
879713
692990
679664
857363
733492
657591
834971
701704
651059
941852
729347
705196
910835
671421
681058
865648
659701
692992
899476
708340
823802
881442
676011
730743
886775
690798
722736
932086
683810
667915
876354
738560
646287
919299
695392
649384
821675
701253
683931
909318
792443
789253
909507
730141
684472
Errors: 0
908510
692236
711093
851767
675694
777453
873750
734818
673488
921456
677075
659439
1000636
752572
712923
950241
717861
744497
856991
657769
658774
829747
686651
641685
829073
662280
711622
786028
657421
636934
952751
650635
702943
901649
660774
690896
920591
759055
705202
873942
667087
635175
873066
696718
656480
884882
757350
706099
853974
639385
644708
958801
831092
826608
1442910
791195
780174
832497
725960
649134
Errors: 0
1017484
964039
712699
790774
711396
665637
989712
678056
711527
938582
772155
691723
826052
707345
688200
915353
709088
691898
883729
724618
750229
944982
728056
656903
919591
687570
672935
883998
720905
698583
923808
836563
815200
928879
688438
648457
918763
681740
713982
893716
833371
740108
948345
819270
766755
926849
681838
681674
870733
677413
692446
1175529
988247
853456
950647
879709
766082
980744
984512
983154
Errors: 0
814721
715930
654444
825472
675142
652623
787120
675978
625336
1029016
1021530
746071
798860
1079619
673735
955915
757733
742292
917930
682176
718652
890991
662945
758857
932575
758277
631424
903722
767788
715716
866544
689648
643880
856467
691370
679246
918210
701987
655556
933854
661754
727796
956284
696033
841111
899950
788532
658432
1372671
1006719
825455
951442
846270
875532
945475
884469
706953
1012164
744555
741720
Errors: 0
1254622
881112
808085
964953
801316
865726
1269277
882166
1138054
1009047
803919
706743
1094982
991367
1163920
890480
739499
682515
941093
732507
722231
912640
830358
741486
914540
738444
704949
957003
759206
795222
1030434
860687
906788
1039402
784356
730014
1018137
767423
774821
816325
688357
609337
1058747
866011
808455
978308
876241
805588
986550
776125
849279
880282
776034
807649
956549
708055
682488
975031
688926
825263
Errors: 0
1115729
816005
721894
954881
800075
721436
911573
885206
881562
939739
757277
751787
1168615
1200134
1120140
1138742
918980
849027
1075346
755221
917220
968261
819091
775876
871524
693112
716437
940101
798564
726093
966257
862378
721414
865722
787904
733200
949233
766557
688787
924203
921573
682713
1105675
800066
784585
1102417
976163
709571
916463
892272
773631
948498
770094
680757
926460
759019
645470
862083
715738
664613
Errors: 0
925015
853017
755416
922105
737356
710333
908061
664261
673240
960515
722221
696176
967613
775160
919984
937666
894968
823948
861120
694739
854214
911223
882436
743633
951592
766693
670083
911611
741105
714762
943322
792989
734051
908932
972778
733187
996283
772718
827613
978407
701387
716613
846982
655894
690301
919619
750225
706542
946021
749856
799140
890464
673561
690884
954182
723190
712939
828241
769197
739782
Errors: 0
908304
756080
743824
991530
739736
781283
923660
752746
850739
849302
795862
656774
959246
817795
726480
952570
757702
731275
967519
724788
681276
894740
694828
718046
820745
727405
669880
893468
706997
742859
997855
917751
854400
942677
743564
741614
949267
749695
864287
965923
847189
869022
925452
798636
680810
926094
711076
691389
900495
739260
772335
888316
748445
672470
951812
695643
841180
851090
744054
642987
Errors: 0
904953
718003
681705
831338
697643
706409
885933
717683
705709
881328
683933
677327
1004697
836739
826370
982538
794192
812921
990622
747620
759738
856314
708921
720623
899789
752023
769545
957955
774801
741710
926201
703631
693204
982780
832916
767086
862097
780938
858698
879900
753184
706674
894855
734816
658952
932710
728823
729026
913320
838121
770048
987562
733100
758060
920414
745445
682806
869543
735548
711655
Errors: 0
935019
681051
691145
836254
732383
768941
850350
713518
749168
909040
712349
728274
787834
651927
714945
831065
735473
679420
1224023
710887
745921
806315
704156
738264
888747
684774
666400
939325
764958
684073
883110
683602
682032
898519
715582
784995
881651
779710
733925
814553
782760
683642
833377
2173919
729460
826651
734305
703537
903290
668960
717597
886939
670107
668489
875691
750322
646424
887925
713606
713712
Errors: 0
873986
708343
704467
926746
709860
654530
895656
706841
701902
851445
716211
791872
1024558
816648
750546
969252
722064
768813
937826
838322
910960
1012161
736139
641963
870136
705103
660055
860149
696921
689492
993904
816126
681935
847496
702106
690059
985781
895447
805863
1004453
763226
754517
823710
746943
680292
862502
666331
720315
871632
713419
696979
812829
714911
663765
836031
702275
676857
812815
728493
679074
Errors: 0
884719
763278
827548
932292
698990
762047
870630
737400
720904
911271
692798
684544
874407
863832
758435
987782
728560
674646
831633
706702
660850
1060517
757156
756446
6766011
866019
729247
864667
733748
713005
809432
731449
681303
880186
667289
675923
890446
693340
683233
908095
725016
745373
962417
754385
737139
822556
734198
694060
907151
676719
738983
963680
957849
826562
952681
768507
720807
979818
816375
725092
Errors: 0
907870
685574
807245
1016953
720871
709187
861197
722715
631839
864192
737957
881407
1008003
727788
724694
878480
759677
951368
821867
771441
763818
895272
758643
701085
880241
763566
699936
1012587
790565
909647
819563
722851
712599
808772
781887
768856
1028443
741379
901007
825583
719013
669509
1040389
734677
725638
902861
677713
855261
927757
785945
759834
947398
813646
686087
878946
774447
775752
817045
735627
638981
Errors: 0
894090
689047
674258
927810
729511
685935
1054921
836244
749053
902275
739156
722925
888875
746276
670600
870313
726449
702136
925125
724372
676824
871878
705225
702942
827994
732749
684288
895005
668537
760429
839345
715146
709730
894637
735324
726138
891505
726159
703978
898118
732686
714582
920138
675902
697472
872020
690682
697827
940334
736340
852804
864237
744366
699838
954849
777844
765350
871800
718533
694775
Errors: 0
910368
709630
651638
924844
683072
699959
981949
882311
835256
928094
714051
776713
882162
724105
715914
914730
716670
699274
985171
841006
707412
876277
779703
709738
884339
696365
725574
1047281
876182
698846
893073
755951
664319
962696
782954
686104
828154
722443
663801
997240
798425
693568
884161
738808
761845
929525
660369
679427
840170
701125
665476
917857
761967
848281
886784
746781
710642
900379
897082
713401
Errors: 0
844423
734175
695074
955906
738760
712368
802650
702871
657857
901047
830527
757782
932569
757746
751414
911770
722895
683807
995933
962620
828260
1077127
1071501
769323
949010
893978
809767
886407
649074
697851
1129405
908689
903000
980124
834171
784224
895684
785912
721082
911046
741375
707045
1070477
799052
893474
934041
751256
772225
906400
805436
781905
819914
693030
684774
892570
673824
725259
847118
712211
719788
Errors: 0
926793
743898
713173
845028
755296
802177
886692
768473
720824
871812
765220
749827
1013074
954105
810090
891875
716103
717781
867427
739353
717195
931765
746015
771700
913965
818966
758759
860455
725187
637903
1016750
834658
829542
895447
749465
769432
886441
663027
739446
925076
2408853
713095
997027
719331
701796
926028
726107
684510
892882
800806
874974
1655488
805264
828866
893436
691003
713399
800492
711355
652142
Errors: 0
844370
810571
689279
913873
688813
731097
922185
799818
708298
870760
737249
672770
976766
739121
724423
995737
708545
712318
992303
753913
802140
866352
756729
712367
933626
723251
719204
917246
776312
749964
910091
719926
706227
848036
668458
649551
924188
804817
714369
844063
676691
711258
864138
776798
740413
826820
703909
682954
816219
717758
724430
965664
703472
664484
877319
719610
704071
876396
715048
671335
Errors: 0
819965
766820
742812
932676
861059
798359
919107
711149
743429
986296
1345105
863809
967135
751402
752117
926156
736583
726906
952383
695060
707710
995648
730922
679214
916463
705277
655172
844481
721914
695029
929225
735764
786029
1062600
1048951
856094
926785
750149
764863
923028
732518
727237
836652
740322
718416
976438
830065
779270
932156
2467995
761970
4715009
803555
757207
35952377
784186
700485
977352
1484276
767648
Errors: 0
950897
789118
696629
899697
712233
657277
1034925
770320
764086
967601
709407
716981
971280
780209
806746
919238
695019
724345
904192
799627
692581
1001431
776109
778697
1032409
884535
797962
968978
758106
703166
934077
740110
722899
892924
730868
740349
967149
819813
780692
863074
712484
734845
958026
758289
713376
1023845
760726
779040
930764
745176
751516
912490
750701
752695
969948
845639
1196282
1003877
783080
807247
Errors: 0
956708
870828
788601
1015366
774344
738212
1310168
786469
759781
851733
757217
666060
972825
737578
716316
828124
748609
705916
905544
756340
729267
989223
717838
743327
1011091
716839
789065
1010392
767579
716685
914455
743806
629179
931543
686532
739992
873018
738198
722818
2728812
794750
795468
944389
658744
683209
791626
698735
609985
887506
755493
665961
846566
709164
692509
938546
774764
702908
890098
695456
649693
Errors: 0
800237
784991
705545
848613
661221
682408
872169
759203
724281
902712
737122
746161
932662
737852
714451
918783
725207
680841
945512
712666
746800
912103
738865
681782
819759
709865
678173
800686
706327
695114
913623
771973
713397
955509
779694
708763
1012918
682862
659345
954112
678225
717833
851029
649948
723342
908464
693317
713487
913380
741603
709839
958556
706980
1369893
817596
722652
643415
930709
782928
715707
Errors: 0
921541
774799
705540
893981
672170
702761
925261
742873
799769
932280
751885
701752
847883
715204
732552
829530
693496
666742
934689
791954
715050
867858
652283
680011
898576
715920
626037
1076312
763888
724868
836178
692684
662419
1026315
793737
778974
824581
656205
681945
887977
684563
651679
1052957
692805
712022
895950
676413
707316
928627
698197
712921
930399
703083
689698
924735
672916
1222567
938365
776485
755700
Errors: 0
1030609
777609
703869
1402201
735255
755099
907789
1128889
730314
1000943
765536
1231553
893890
631148
617958
890465
756800
701227
819503
835151
786515
830352
705023
633595
978899
705014
1123851
839451
1286184
652088
843918
649044
680943
905884
688002
916798
1355944
664032
743414
930265
743154
723072
934390
847376
845265
784254
715936
710530
856403
753886
744754
883098
669390
638219
832936
789301
682303
925813
692411
667214
Errors: 0
899286
681697
645293
890372
659260
612132
944648
762550
685353
904852
740863
690993
981711
726115
693275
929981
748005
702162
864534
689638
694561
912546
716340
712717
986368
807652
725086
972087
784803
802564
858753
671984
781779
809219
670183
663614
931640
781586
752499
890599
794412
680567
1044148
723701
742173
848154
767559
670028
1021366
715089
726741
928959
733090
708990
972739
747889
713576
934014
680810
701930
Errors: 0
1120532
1723306
760484
1267830
783933
878617
1655879
991362
700743
1344727
836972
861325
1084837
869037
858703
1020842
861423
801293
1296610
800622
763080
1071014
780963
812782
875669
788597
788623
861967
734609
721862
941016
723089
679657
1064382
786602
924983
1014973
982415
891982
1029477
703510
728024
864129
833475
780546
805307
699597
605003
939341
757775
678639
998124
830593
885153
2837947
903260
783302
930155
767353
739921
Errors: 0
914421
725228
646649
809033
772011
695413
842509
735463
712642
874787
683172
667969
855394
756010
717607
789519
808041
689940
935929
719527
754877
828604
696397
706157
819343
639350
672298
832419
635523
696861
870560
659932
703850
924462
674444
719418
1052456
937342
736712
853953
658940
621832
861129
759348
641270
877595
705109
688801
1002917
814288
830949
808323
706609
635921
896626
653050
669657
834409
689208
634104
Errors: 0
890867
764463
688202
760748
757773
619808
835651
770752
640174
950547
730624
640089
927687
835128
658968
870361
674467
658014
1032890
713976
706194
1016790
737305
695654
794094
676532
641966
815103
742141
659725
894544
697498
717432
885256
866692
752041
968146
795544
715585
886715
657766
702726
819310
688527
646043
905333
818052
685669
922931
846881
710255
1043385
716665
746248
859690
720103
665423
827493
684647
680781
Errors: 0
884309
687555
664800
906826
707518
685289
886724
713101
675479
916706
669339
679140
909824
821660
781032
820438
714562
603993
968411
725880
689956
976829
738279
788988
