1 total request(s) per second
2562451
2431501
2358127
2479989
2401663
2350247
2471927
2301563
2462626
2389451
2424424
2391215
2363187
2384280
2440035
2424766
2219118
2323886
2385036
2213689
Errors: 0
2479228
2425399
2332130
2409639
2430412
2361673
2455981
2385144
2431976
2360032
2387344
2376374
2440466
2401793
2332100
2351344
2309771
2374475
2393220
2340725
Errors: 0
2370621
2403767
2523232
2384759
2361867
2408134
2346112
2375356
2339688
2400660
2318093
2381520
2784445
2853293
2440712
2579633
2488092
2485335
3409019
2449424
Errors: 0
2414289
2383948
2479506
2544130
2471718
2399818
2361818
2593354
2507060
2483791
2424402
2483696
2432563
2600981
2431147
2363366
2454229
2484154
2451368
2487480
Errors: 0
2411862
2464990
2416966
2436053
2583896
2366721
2540333
2342241
2501850
2361065
2599211
2423325
2489483
2540450
2475956
2483008
2403023
2472411
2578157
2617766
Errors: 0
3423866
2679121
2613349
2561129
2646152
2325588
2426185
2355488
2391758
2453790
2475334
2369553
2399323
2418926
2371922
2526938
2297571
2447545
2334477
2440323
Errors: 0
2443661
2445048
2354487
2492144
2402722
2426420
2297754
2297863
2664452
2445263
2420147
2547818
2563575
2562612
2550773
2298765
2694264
2265992
2366444
2789145
Errors: 0
2315668
2378030
2327208
2655869
2454725
2510107
2427927
2432008
2421820
2602011
2484935
2506355
2523142
2371523
2750663
2455484
2402232
2348196
3653313
2422565
Errors: 0
2406238
2493284
2478808
2470348
2498463
2393529
2314439
2420238
2392606
2354542
2640900
2455978
2404081
2428194
2462238
2397813
2406396
2353512
2442177
2495616
Errors: 0
2341777
2410169
2364636
2499243
2500722
2411981
2327376
2400680
2438038
2422048
2478037
2342407
2392039
2433991
2610075
2666049
2517668
2598680
2705581
2510167
Errors: 0
2470476
2768699
2475931
2511368
2703239
2505637
2623603
2419112
2560873
2683517
2493523
2614897
2642802
2554392
2624372
2577582
2480790
2550178
2421962
2805009
Errors: 0
2864731
2430741
2443940
2455016
2485613
2571882
2763124
2574272
2480220
2503870
3236263
2512673
2816772
2474468
2506459
2748958
2373319
2705288
2735829
2639652
Errors: 0
2382831
2497314
2523549
2692280
2478318
2518947
2626948
2543820
2870034
2493526
2549030
2606873
2763345
2557720
2555879
2534390
2831398
2919152
2621914
2601704
Errors: 0
8578336
2569034
2538763
2574094
2583347
2626730
2433753
2526292
2648261
2695617
2475659
2517173
2542629
2537463
2436822
2493987
2555615
2670276
2533658
2472040
Errors: 0
2365422
2457251
2694395
2417467
2466185
2503052
2543694
2581257
2497328
2498837
2515523
2409708
2420845
2658330
2460863
2484972
2535050
2548219
2538207
2527228
Errors: 0
2368939
2397480
2567436
2551515
2350892
2433849
2452196
2444166
2362963
2582960
2448690
2348293
2354009
2589171
2731947
2390415
2388267
2426019
2476159
2489961
Errors: 0
2405258
2493591
2491196
2444268
2347224
2398157
2455397
2542023
2428154
2487953
2658038
2451922
2350922
2429417
2612187
2440047
2459119
2426401
2526747
2372297
Errors: 0
2416801
2484610
2774867
2507571
2623658
2482980
2581462
2619545
2371289
2394499
2326664
2750211
2298956
2636179
2564404
2451304
2616481
2449107
2445166
2454595
Errors: 0
2522299
2531526
2470228
2332621
2507069
2396782
2655682
2229078
2451284
2527445
2466038
2401690
2450556
2507035
2529905
2487411
2338642
2476520
2361172
2499940
Errors: 0
2459927
2399475
2309555
2715633
2280213
2282922
2397989
2554004
2409950
2351170
2362613
2407360
2307734
2359574
2300547
2410683
2280189
2412203
2450334
2494505
Errors: 0
2542270
2790405
2541204
2566078
2387538
2370154
2485906
2419942
2818391
2345757
2470031
2402786
2441730
2396832
2560081
2498207
2682737
2533381
2576518
2509436
Errors: 0
2331918
2577922
2605530
2514732
2356967
2465483
2358896
2416048
2520034
2587791
2277711
2354108
2526848
2394321
2492188
2540298
2610854
2309706
2485252
2377030
Errors: 0
2362747
2457731
2784431
2470537
2395691
2297492
2266456
2540713
2384250
2635319
2305892
2401843
2481669
2576334
2287960
2409040
2419930
2344622
2464573
2587083
Errors: 0
2557783
2325183
2438045
2367459
2580892
2350634
2366826
2334718
2397434
2314410
2441371
2437990
2297646
2472588
2369748
2428388
2368651
2444388
2481169
2520926
Errors: 0
2516256
2452413
2618132
2358948
2431381
2492145
2548848
2356886
2510569
2316885
2358910
2536663
2344978
2637728
2390945
2533962
2583391
2571666
2538330
2505187
Errors: 0
2470330
2364581
2381118
2321477
2443025
2429103
2528089
2363663
2568993
2383377
2437190
2506546
2471084
2509022
2451356
2338525
2470420
2573305
2537261
2555513
Errors: 0
2562985
2350934
2436209
2493509
2547428
2415219
2617947
2769172
2471332
2612737
2589459
2542205
2469261
2521603
2759470
2593705
2332598
2371162
2419682
2462049
Errors: 0
2531831
4619048
2301040
2415769
2453678
2389821
2487566
2448582
2408655
2489153
2471005
2577832
2511067
2417351
2310731
2388625
2504287
2470572
2460837
2483432
Errors: 0
2375143
2361571
2379317
2418422
2419241
2386582
2390668
2443896
2505080
2339097
2353908
2434429
2325443
2428707
2569184
2331309
2329833
2358663
2351800
2460243
Errors: 0
2378459
2330403
2438450
2441321
2372052
3400894
2335889
2436195
2336127
2423946
2455098
2489026
2701810
2461297
2395513
2500541
2287050
2559686
2572068
2402474
Errors: 0
2569427
2291236
2428382
2366757
2403318
2486322
2656784
2275418
2489076
2438369
2384995
2470276
2394205
2684094
2518863
2504196
2427120
2482229
2423716
2385860
Errors: 0
2431795
2466333
2467108
2502220
2413778
2768758
2874150
2538599
2413998
2368120
2423596
2371009
2335498
2662624
2418015
2382254
2449474
2397422
2412693
2497120
Errors: 0
2563790
4304744
2446828
2493101
2641750
2402038
3094101
2422471
2298600
2462607
2353271
2372400
2313083
2427920
2633186
2482472
2357633
2427604
2422637
2446007
Errors: 0
2504364
2638086
2298741
2441290
2462577
2366350
2428133
2509733
2542323
2595805
2421785
2465759
2404370
2479715
2474807
2364664
2367487
2567105
2409564
2420716
Errors: 0
2428888
2565441
2582352
2549623
2409482
2490576
2342440
2499865
2559106
2434484
2434687
2398590
2379167
2390400
2378689
2764670
2546753
2325557
2433023
3914004
Errors: 0
2326673
2380839
2543246
2384623
2433708
2471559
2401795
2411571
2518708
2436824
2470927
2436319
3209057
2437782
4835592
2412989
2332030
2404162
3150394
2512708
Errors: 0
2430512
2384581
2504569
2436130
2396976
2351974
2347672
2416291
2366807
2423708
2361961
2337267
2276143
2417108
3998175
2366799
2522567
3001159
2682129
2783256
Errors: 0
2454020
2393068
2329237
2493707
2331590
2427215
2360207
2500331
2366245
2394212
2666384
2461282
2608756
2602393
2466230
2362733
2935276
2431732
2759364
3204017
Errors: 0
2630280
2364559
3452752
2871565
2816465
2372746
2605452
2904031
2354645
2574347
3124375
2819126
3804574
2367661
2677782
2579676
2435610
2576290
2411267
2439140
Errors: 0
2982275
2494855
2857561
2456577
2854582
4064567
2911233
2647770
2469259
2628545
2759762
2342780
2558282
2501451
2707792
2603045
2510663
2513034
2662177
2461766
Errors: 0
2552507
2416324
2296434
2936114
2523937
2585106
2515744
2577233
2646446
2446993
2423168
2463214
2515797
2530673
2359296
2483118
2368559
2626272
2460251
2453584
Errors: 0
2515941
2561541
2473344
2426266
2546916
2422853
2496457
2480580
2565466
2461810
2555967
2446036
2564983
2690123
2473612
2623835
2591712
2517108
2428397
2480213
Errors: 0
2534268
2580850
2525718
2348666
2658438
2359632
2668688
2399966
2565800
2429399
2483895
2418253
2359978
2421630
2597894
2489995
2353686
2366976
2722158
2529384
Errors: 0
2452652
2663768
2531459
2374894
2376882
2312882
2393101
2408678
2418801
2407833
2406415
2351968
2632388
2536745
2425992
2440194
2310785
2432245
2462174
2487233
Errors: 0
2405613
2514058
2356637
2494204
2502221
2538766
2545177
2518989
2481087
2437048
2468582
2394684
2389347
2462902
2522154
2408677
2375663
2514974
2396648
2555853
Errors: 0
2398125
2357738
2495815
2395196
2399033
2524126
2434054
3201787
3401964
2470067
2565123
2378018
2401828
2591059
2576022
2487161
2515937
2694718
2455545
2446561
Errors: 0
2441883
2704959
2435916
2596483
2496198
2558394
2603756
2605632
2463059
3109561
2446498
2409306
2513403
2637219
2828405
2395614
2472698
2524805
2560606
2441725
Errors: 0
2360765
2538787
2573602
2477699
2426147
2594970
2422662
2516506
2367864
2508653
2562658
2587940
2642443
2476907
3041135
2418444
2521388
2726460
2450612
2393704
Errors: 0
2465490
2505508
4689890
2602776
2290339
2537052
2414213
2900662
2477996
3655416
2967859
3026577
2593865
2608887
2487646
2520373
2669022
2415691
2444260
2451047
Errors: 0
2446007
2578482
2463241
2655788
2614963
2393490
2580812
2575895
2642887
2558882
2739625
2432336
3896753
2681758
2537737
2533514
2422172
2416632
2530853
2465882
Errors: 0
2493318
2486400
2357337
2406571
2638405
2471579
2477824
2462340
2436921
2787187
2514478
2593790
2414099
2457612
2557613
2440455
2503356
2489520
2520930
2441806
Errors: 0
2469797
2429252
2477759
2607740
2772052
2839158
2561972
3112350
2475369
3073203
2587764
2390264
2583506
2331745
2365880
2546780
2473568
2328997
2608953
2469806
Errors: 0
2491523
2568573
2548645
2296342
2480294
2760834
2482586
2430110
2655746
2343056
2375869
2490354
2481668
2533843
2434996
2450631
2466694
2407860
2616750
2599803
Errors: 0
34573637
30360014
2654219
2668815
2538375
2415052
2621667
2514476
2577758
2744627
2428963
2551753
2648565
2524228
2553277
2532619
2512152
2667201
2602151
2478499
Errors: 0
2646405
2497911
2336646
2377536
2535428
2604854
2496370
2329088
2453023
2599966
2485584
2575861
2600587
2517167
2402420
2498299
2540806
2657553
2559499
2569492
Errors: 0
2373505
2395153
2452420
2582406
2564313
2588735
2576137
2573781
2462235
2534693
2596609
2568494
2409741
2808345
2485895
2362710
2449036
2883167
2604856
2564671
Errors: 0
2482393
2567487
2594134
2648347
2571254
2413930
2682366
2341058
2562056
2512540
2567882
2548585
2367290
2422775
2649769
2413185
2563789
2607549
3085079
2349648
Errors: 0
2792758
3072962
2427486
2563602
2318492
2475470
2509932
2507374
2539896
2642646
2509788
2515333
2577165
2525799
2524638
2469441
2551761
2442145
2546889
2500332
Errors: 0
2683844
2544505
2616011
2662945
2541380
2666962
2337410
2580125
2505815
2662266
2595094
2526731
2474079
2544221
2978360
2678063
2612205
2681624
2593150
3388555
Errors: 0
2466476
2471741
2567859
2405489
2558166
2591926
2586859
2541398
2509010
2627850
2622060
2620192
2639001
2468353
3237964
2792328
2851466
2754428
2664127
2443866
Errors: 0
2589587
2466528
2532041
2431889
2351804
2422709
2444361
2348709
2269079
2497821
2430231
2439173
2837946
2496737
2504514
2427327
2477382
2399993
2428756
2288023
Errors: 0
2461417
2590811
2465000
2523742
2528925
2427852
2502978
2445361
2490352
2494057
2538471
2379074
2503610
2441782
2397079
2501504
2432386
2592311
2502189
2405002
Errors: 0
2420786
2435285
2589171
2379152
2554826
2511324
2632446
2600623
