25408
1591
2178
1848
1339
1361
1399
1464
1410
1415
3486
860
1061
3494
911
1168
4728
923
836
3576
1163
1113
3847
1179
1063
5012
927
923
3803
932
1067
3529
948
886
3921
950
883
3666
881
791
3439
940
855
3533
931
849
3341
907
929
3455
1003
1094
3474
905
901
3366
866
864
3019
916
879
3574
901
1124
3157
860
780
3473
858
817
3322
833
849
3410
932
836
3267
925
825
3239
928
791
3526
946
797
4232
999
845
3445
844
831
3224
891
834
4464
866
902
3474
927
844
3672
1005
884
5336
957
847
3623
973
878
3534
903
827
3080
940
815
3532
894
1110
3890
1327
859
3209
870
852
3391
873
842
3481
910
844
3369
1032
864
3421
916
847
3350
940
835
3924
917
783
3409
910
782
3147
909
834
2978
923
823
3469
968
871
4131
929
863
3418
909
858
3008
969
836
3237
931
869
3547
914
833
3557
1225
925
4373
896
908
3497
922
917
3884
849
921
4724
959
839
3476
936
843
3283
952
852
3515
975
795
3518
912
933
3377
882
842
3875
910
847
3094
975
839
4211
882
894
3118
887
812
3465
1001
849
3263
937
865
3081
953
860
3457
984
893
3260
945
859
3849
1021
863
3896
975
872
4066
935
813
3337
958
855
3106
873
872
3403
929
911
3441
917
788
3598
900
826
3506
901
866
3244
875
802
3200
972
849
2829
879
836
3275
856
789
3525
912
797
3192
883
796
3212
904
804
2956
881
840
3632
913
808
3355
933
846
3568
870
824
3429
1026
967
3452
893
810
3851
900
817
3259
864
850
3076
894
795
3427
977
860
3577
899
801
3463
901
877
3678
881
796
3090
899
798
3145
963
876
3116
895
830
3606
921
798
3476
933
783
3560
912
855
3276
1018
871
3703
940
800
3711
944
809
3219
880
818
3042
919
860
3657
1034
862
3305
935
894
3313
974
823
3380
924
900
3030
898
848
3788
946
881
3489
946
790
3859
965
833
3363
971
828
3803
943
838
3117
915
862
3091
979
859
3180
913
923
3883
914
800
3484
866
824
3462
896
865
3671
919
832
3440
901
833
3304
882
823
3184
872
804
3354
934
874
3056
969
773
3198
889
824
3485
904
866
3496
966
817
3620
910
852
3114
891
747
3731
909
828
3585
913
832
3327
1338
898
3224
925
826
3069
876
860
3617
940
857
4189
989
922
3136
929
890
3515
942
825
3544
930
823
3677
899
805
3337
935
915
3393
890
832
3309
926
871
4012
962
773
4062
907
794
3681
886
812
3718
940
859
3592
921
890
3864
989
813
3372
989
893
3171
948
883
3656
916
976
3197
888
825
3107
914
840
3557
919
844
3341
829
815
2907
911
906
3349
1003
875
3848
916
895
3183
917
789
3007
888
810
3462
848
841
3214
901
908
5080
948
917
3404
879
898
3044
983
903
3084
982
853
3749
882
904
3072
873
876
3141
884
787
3205
883
799
2886
919
796
3398
1070
826
3543
983
792
3886
924
752
3972
928
841
3725
901
770
3232
983
844
4055
960
885
3617
994
862
2977
949
831
3271
991
871
3186
1118
843
3628
865
815
3896
977
899
3255
972
806
3274
918
793
3290
1045
865
3175
942
798
3378
927
830
3596
832
812
3723
840
761
3795
966
763
3105
886
797
3416
882
848
3163
913
804
3335
940
825
3371
1142
828
3291
964
794
3100
880
797
3093
928
828
3192
867
809
3500
922
824
3099
946
902
3420
910
811
3097
897
826
3210
971
836
3575
1007
876
3545
913
824
3629
886
747
3140
882
806
3167
871
832
3941
974
873
3334
864
833
3120
932
847
3113
916
816
3320
880
794
3524
956
854
3538
932
804
3453
904
807
3595
868
857
3565
931
841
3365
961
836
3894
937
826
3669
897
830
4179
985
862
3516
909
880
3593
1037
835
3485
957
833
3262
967
831
3111
924
866
3565
904
809
3061
968
829
3591
869
885
3439
890
775
3165
875
839
3465
871
913
4053
896
861
3134
908
806
3360
920
754
2948
889
782
3104
841
789
3247
834
762
3835
903
783
3205
934
858
4180
928
813
3260
1198
797
3381
965
846
3129
909
845
3236
927
911
3993
938
842
3466
906
750
3652
915
853
4004
1002
853
3684
1210
811
3200
919
853
2891
892
865
3695
872
857
3425
875
876
3647
922
893
3316
947
830
4202
1012
844
3101
1066
804
3784
899
1027
3222
1101
899
3634
870
825
2985
909
813
3034
924
826
3484
835
844
3236
909
760
3307
893
796
3591
999
901
3623
905
851
3192
936
872
3164
940
883
3587
983
831
3222
891
872
3369
870
821
2984
962
792
3130
873
820
3752
867
762
3031
881
801
3444
928
814
3656
892
783
3307
889
794
3456
895
884
3397
895
802
3058
888
837
3284
935
826
3087
900
851
3748
959
809
3219
868
788
3197
934
790
3071
851
761
3514
861
776
3580
1033
794
3426
918
840
3279
906
816
2916
843
794
2980
892
809
2827
902
876
3931
1209
874
3108
1057
792
3715
895
786
3752
932
834
3847
1412
870
3162
953
809
6344
946
898
3062
919
826
3399
918
864
3469
922
807
3092
905
802
3357
1054
1126
3132
873
743
3791
892
843
3196
918
1226
3457
936
823
3019
952
846
3622
924
837
3388
886
817
3865
915
783
3882
828
778
2965
888
789
3338
920
849
3099
853
855
3059
889
829
3807
899
851
3250
918
839
3326
856
815
3453
850
904
2950
908
825
4275
901
825
3071
908
763
4072
857
787
3213
875
809
3284
889
845
3664
890
768
3448
810
787
3057
903
825
3445
1044
824
3862
873
767
3447
880
831
3341
864
810
3640
871
832
3129
920
847
3037
929
765
3051
874
832
3702
920
782
3127
854
800
3164
897
795
3423
827
821
2918
876
794
3259
824
764
3590
822
813
3193
851
892
3781
878
818
3308
839
795
3056
873
795
2766
928
799
3450
871
808
3331
900
815
3225
952
833
3381
915
766
3157
904
838
3250
879
809
3511
820
792
3019
854
833
3413
864
857
3414
841
840
3426
897
846
2991
863
819
3418
904
827
3196
966
776
3572
901
767
3555
948
826
2907
895
774
2962
986
875
3039
853
818
2908
819
822
3088
838
815
2940
833
801
2915
840
841
3527
877
789
3255
864
822
3070
874
789
3024
826
791
3275
907
833
2954
832
826
3435
870
786
3145
842
819
3470
894
748
3417
866
806
3321
926
785
3816
845
776
3031
944
800
3238
905
797
3719
941
848
2911
865
844
2883
864
801
3144
939
834
2693
952
831
3911
852
863
3151
891
778
3287
886
803
3261
853
853
3037
875
832
3595
924
850
3298
840
790
3253
861
759
3230
845
762
3461
924
825
3003
955
854
2896
889
895
3399
894
875
3208
939
886
3438
820
823
3530
897
892
3048
907
821
3258
885
859
3312
918
774
3233
883
834
3412
908
870
3296
929
865
3093
914
810
3068
926
811
3303
886
793
3400
952
877
3559
951
803
3312
874
792
3320
979
818
3244
955
846
3353
869
811
3856
902
813
3966
830
780
2988
861
776
3301
968
870
3147
866
794
3748
949
766
3076
947
827
3868
948
794
3239
906
842
3333
878
850
3056
930
794
3067
874
797
3099
906
849
3511
966
890
3118
848
831
4071
829
823
3067
902
817
3481
903
862
3090
961
846
3229
948
811
2893
906
801
3490
867
782
3375
906
782
3131
905
821
3812
857
892
3031
869
816
3068
907
769
3240
893
777
3025
816
749
3452
838
841
2994
893
822
3215
829
809
3521
883
818
3202
863
841
3301
870
862
3613
872
858
3414
928
749
3316
895
785
3126
877
815
2955
944
825
2948
924
825
3288
861
805
3432
979
771
3187
870
817
3511
931
833
4005
913
843
3004
912
865
3364
865
818
2836
871
786
3998
980
857
3392
820
912
3948
880
915
3134
913
866
3276
905
844
3426
949
807
3185
931
844
3146
890
897
3325
948
821
2845
850
788
2960
873
825
3193
879
809
3873
867
781
3358
944
799
3999
883
805
3170
856
745
3315
916
802
3404
805
766
3218
956
752
3053
880
784
3006
839
822
3178
866
749
3346
942
831
3316
899
865
3552
831
826
3341
805
816
3276
889
786
3231
927
750
3852
873
874
3676
911
858
3002
900
815
3007
937
847
3660
882
803
3394
889
767
3628
854
826
3077
954
825
2969
902
808
3432
846
799
3425
933
815
2973
841
769
3148
838
805
3287
861
898
3385
843
792
3003
905
848
3415
886
892
3144
940
810
2952
864
832
3093
829
798
3382
826
788
3208
914
808
2999
885
814
3601
876
799
3895
852
820
2885
871
816
3666
866
799
3395
835
857
3332
913
800
3135
851
808
3128
872
802
3713
930
811
3423
849
764
4163
1002
965
3185
821
798
3622
854
774
3518
900
809
3602
856
780
3661
907
836
3412
892
715
3847
928
810
3965
856
753
3707
901
810
4105
884
729
3665
860
780
4161
838
757
3422
860
764
3678
834
802
3554
850
897
3590
837
779
3212
882
815
3519
885
822
3411
817
784
3486
882
918
3363
912
775
3384
909
760
3611
937
736
4172
859
793
4129
893
885
3483
820
737
3304
890
775
3998
855
744
3319
871
747
3582
852
953
3379
841
728
3338
821
698
3456
865
800
3677
840
787
3545
845
940
3722
842
759
3710
874
787
3736
852
784
4120
864
824
3454
937
726
3586
875
730
3305
876
771
3185
881
715
3218
849
745
3399
820
776
4084
823
743
3284
899
764
3250
843
731
3686
808
798
3493
849
753
3552
830
728
3143
869
793
3432
871
732
3747
878
761
3514
872
784
3874
889
801
3465
882
758
3504
849
740
3417
800
727
3218
896
751
3169
916
734
3466
809
691
3410
855
810
4233
875
740
3257
847
773
3246
873
753
3684
903
769
3850
884
828
3546
882
828
4134
906
750
3448
926
783
3207
876
752
3731
922
727
3422
869
791
3390
941
758
3605
863
783
3589
928
753
3613
835
1020
3704
858
780
3805
924
772
3497
846
767
3644
897
777
3767
911
733
3151
827
784
3146
892
769
3662
878
797
3328
910
795
4497
2861
2527
3421
854
751
3588
870
1020
3955
898
865
3606
863
794
3145
854
828
4422
896
868
3334
983
996
3675
899
809
3883
889
793
3328
861
761
3886
907
761
3541
889
779
3164
850
797
3811
955
994
4990
2747
2607
4056
1056
885
3341
863
826
3486
1555
978
3218
987
822
3869
904
775
3559
1069
948
3357
855
849
4277
959
897
3709
1129
1113
3607
1214
1033
3757
1039
955
3871
2416
2778
5019
2626
2101
4059
1118
959
3578
950
982
3503
926
793
3716
1169
1018
3742
927
837
3300
855
805
3789
856
794
4295
859
788
3744
886
849
3337
882
802
3379
892
807
4233
955
833
4137
853
795
3566
913
824
3432
1057
910
4031
1075
1059
3451
933
810
3192
936
799
3580
891
799
3415
896
831
3281
918
799
3416
878
840
3777
958
803
3643
940
803
3917
914
761
3567
954
802
3385
902
802
3856
878
825
3494
881
827
3389
962
808
3912
890
776
3320
901
866
3507
820
825
4120
947
856
3216
1066
849
3696
931
1063
3763
923
825
3230
900
811
3444
901
896
3463
891
844
3433
867
832
3397
940
838
3748
899
816
3577
944
773
3042
889
851
4033
930
817
3407
913
807
4074
850
803
3504
888
800
3402
920
846
3092
914
810
3136
1018
808
3450
833
817
3534
941
868
3821
937
822
3202
946
818
3475
911
825
3690
885
794
3574
952
867
3774
861
817
3949
925
813
3483
981
792
3217
954
821
4112
877
835
3359
855
856
3162
843
833
3649
958
839
3181
912
892
3812
940
831
4117
947
817
3465
952
790
3322
896
839
4153
917
843
3616
908
856
3310
934
810
3327
860
807
3511
894
819
3698
929
893
3804
837
755
3256
918
823
3217
957
862
3299
892
740
3305
892
832
3471
953
766
3062
947
828
3699
860
754
3341
846
823
3237
899
815
3220
843
786
3738
935
798
3327
889
792
3018
973
794
3539
859
921
3340
1201
823
3200
883
831
3263
929
828
3575
840
757
3518
872
741
3493
896
816
3760
884
786
3347
956
868
3221
881
820
3616
801
782
3582
908
817
3706
885
772
3577
1011
856
3496
940
814
3429
942
834
3730
932
832
3673
907
775
3317
950
911
3128
936
776
3341
920
884
3588
969
835
3528
931
869
3286
967
796
3535
933
886
3480
916
875
3763
893
841
4026
890
798
4170
913
869
3915
920
917
3836
915
863
3531
964
800
3658
848
820
3320
945
815
3854
969
793
3796
937
861
3253
998
814
3820
919
766
3581
936
827
3784
872
873
3262
876
801
3996
1026
845
4016
955
802
3220
1006
847
4008
926
793
3339
907
776
3215
875
750
3413
939
776
3430
900
771
3187
903
747
3207
900
858
3886
948
779
3184
878
906
3916
890
841
4150
1013
816
3205
947
795
3203
904
824
4136
911
861
3644
904
794
3591
858
791
3318
877
831
3368
923
949
3253
898
915
3725
971
887
3665
1013
792
3386
908
793
3568
923
815
4186
939
881
3413
917
812
3701
901
845
3105
935
790
3411
970
836
3899
960
783
3479
939
864
3875
899
833
3442
921
775
3841
968
803
3826
912
794
3746
953
842
4099
853
829
3220
972
832
3812
920
835
3453
938
757
3352
894
810
3478
905
801
3171
911
884
3601
985
862
3163
951
836
3402
935
879
3602
870
830
3707
929
839
3444
949
765
3273
941
848
3144
904
820
3179
889
811
3151
942
798
3469
899
843
3887
921
814
4000
928
857
3211
935
925
4174
1055
1002
4125
953
869
3425
932
884
3946
897
780
3368
1256
882
3196
890
792
3751
883
821
3693
875
821
3405
952
912
3485
994
787
3436
1007
865
3701
1124
1113
3452
870
771
3226
876
810
3538
925
772
3747
913
767
3307
888
885
3962
831
745
3536
831
839
3420
846
776
3752
905
759
4513
905
904
3591
870
726
3614
827
791
3564
918
812
3897
948
803
3211
848
896
3295
887
762
3155
914
880
3522
914
775
3491
862
750
4260
877
897
3462
872
788
3815
919
758
3219
837
792
3766
818
765
4072
841
765
3514
959
775
3238
840
790
3427
869
801
3351
916
793
3293
872
806
3527
923
831
3175
844
797
3460
910
760
3283
903
801
3569
938
763
3804
950
767
3730
875
821
3522
904
832
3493
837
765
3609
884
817
3436
837
802
3560
896
816
3915
824
864
3511
847
807
3263
947
778
3580
866
741
3087
845
751
3822
892
829
3825
855
798
3492
906
766
3505
840
799
3394
890
786
3341
828
731
4073
949
818
3442
842
783
4152
888
833
3952
851
739
3894
832
746
3601
893
744
3360
852
743
4150
795
742
4043
847
732
3511
822
772
3768
867
845
3269
896
773
3995
899
775
3309
863
757
3623
819
774
3837
843
786
3486
900
750
4062
895
728
3770
904
775
3395
843
768
3343
918
751
3633
950
746
3282
909
817
3938
901
748
3597
907
772
3225
859
736
3688
907
802
3189
853
772
4252
831
768
3283
838
792
3578
842
779
3908
905
741
3582
837
795
3604
858
796
4115
870
732
4242
962
761
3878
867
770
3769
827
813
3393
917
856
3520
835
707
3538
880
744
3607
865
822
3836
862
780
3795
799
745
3251
875
796
3534
890
761
3116
858
817
4118
859
776
3345
864
855
4341
917
753
3139
908
826
3617
850
944
3612
890
756
3652
912
823
3777
810
791
3426
1121
800
3297
886
913
3545
836
799
3861
912
709
3281
871
738
3607
858
724
4205
953
737
3812
879
801
3214
919
797
3216
900
813
3364
871
805
3708
988
865
4059
908
742
3147
864
1613
4120
943
857
3424
962
951
4285
1151
842
3314
865
1063
3479
876
846
3109
893
782
3506
1012
774
3762
940
813
3279
882
789
3434
936
810
3792
916
781
3771
862
787
3559
963
779
3286
922
868
3208
926
802
3901
894
821
3588
853
745
3217
992
866
3955
963
830
3417
952
881
3434
947
872
3584
910
886
3717
960
848
4018
983
902
3603
936
814
3760
924
796
3207
930
846
3945
975
872
3445
913
837
3755
936
789
3248
869
827
3320
968
819
3487
1026
779
3709
973
865
3379
877
777
3587
979
824
3327
944
803
3571
897
886
3340
930
776
4287
925
800
3166
907
848
3224
933
1476
3165
930
973
3317
815
722
3320
1000
793
3466
866
737
3475
890
778
3378
852
858
3533
835
780
3461
836
754
3610
847
732
3924
802
731
4060
857
866
3851
896
742
3611
890
754
3487
866
755
3613
900
860
3693
862
899
3129
916
787
3894
850
865
3609
862
918
3189
881
819
3110
927
799
3176
901
768
3097
1019
760
3379
857
766
3544
873
716
3251
842
746
3298
862
747
3625
829
776
3582
915
758
3226
868
803
3631
861
843
3729
852
769
3958
902
744
3584
800
813
3090
944
748
3297
904
775
3154
876
759
3607
878
712
3837
852
852
4047
876
734
3349
863
763
3275
823
801
3302
924
731
3370
794
744
3648
824
700
3700
916
757
3415
852
725
4060
886
798
3481
1153
828
3722
819
894
3468
856
840
3458
846
762
3234
900
825
3738
917
877
3759
872
787
3503
933
746
3291
930
822
3530
904
790
3409
947
807
3624
887
773
3343
893
739
3638
850
797
3538
813
751
3737
835
769
3331
821
787
3199
846
806
3676
843
710
3454
865
799
3984
873
782
3714
920
737
3300
884
803
3307
876
772
3638
885
808
3424
940
847
3213
897
798
3500
874
795
3629
914
741
4159
994
909
3679
1000
758
3678
900
768
3907
880
786
4025
886
755
3433
888
765
3599
866
787
3578
817
780
4047
853
782
3372
846
765
3798
906
719
4157
883
784
3821
924
811
3176
846
769
3393
823
761
3140
822
793
3543
841
757
3502
879
805
3069
839
775
3173
867
838
3105
966
927
3292
879
819
3582
953
786
3639
859
703
3484
877
782
3492
890
948
3216
893
821
3088
934
743
3526
866
740
4066
904
844
4016
845
797
3281
902
773
3385
845
751
3382
878
718
3498
889
792
3653
860
784
3485
838
754
3635
862
729
3472
878
786
3407
827
749
3712
787
704
3394
841
724
3577
854
765
3352
863
729
3372
887
739
3271
849
738
3268
872
702
3308
930
805
3278
886
787
3830
880
737
3447
850
763
3581
827
765
3640
822
745
3458
841
867
4595
2383
1425
5134
2636
2778
3688
992
1422
3963
979
926
4045
1082
989
3976
1080
932
3571
1250
969
3771
1093
932
3499
1162
933
3356
1002
947
3690
995
932
3255
1085
925
4292
1290
1171
3751
1212
951
3795
1109
1005
3381
1052
972
3715
970
982
3553
1015
935
3539
988
901
3781
1030
1460
4251
1095
1498
3961
1161
1163
4336
1695
1074
4525
3071
2472
4217
3328
2661
3504
1362
1380
3100
981
1655
3635
847
777
3763
814
799
3353
857
927
3722
917
768
3205
879
710
3292
826
757
3498
884
762
3476
832
750
3603
818
732
3450
804
768
3292
882
737
3721
843
830
4003
1277
1543
3734
968
768
3626
813
789
3807
947
766
3267
902
830
3625
906
792
3698
860
775
3196
970
816
4053
964
799
3841
1010
752
3811
890
781
3262
896
814
3638
866
826
3709
849
737
3175
829
737
3440
813
718
3389
794
747
3836
857
795
3085
782
718
3092
851
700
3403
779
706
3064
830
749
3441
808
747
3254
809
825
3442
825
775
3672
822
799
3137
862
796
3750
930
719
3265
819
729
3593
823
815
3126
853
837
3428
863
821
3456
842
717
3978
868
735
3433
863
733
3203
890
810
3334
851
716
3186
818
796
3350
863
753
3508
861
803
3543
1127
1445
