113729
77811
92416
79049
78520
80272
77362
76686
77903
77089
95968
69704
67605
94333
70599
68163
92412
70646
68521
95450
71115
67966
92609
70205
67625
93595
69575
67700
92346
70117
75816
102127
72149
68298
93576
70314
68440
95430
75555
67162
94992
71632
67456
91218
70705
67069
94786
71164
67676
94339
71256
67701
95299
70194
67482
93696
71031
67333
93143
69837
67155
93668
69787
67547
95082
71410
66534
94507
70092
66709
91717
69119
67908
97500
71106
68072
93278
69857
67863
94467
72165
68782
94892
70981
68036
94641
71252
67788
93685
71053
75818
93381
70343
66928
92747
69900
67640
95511
71111
68336
99060
70606
68264
94781
79290
67388
94204
71198
68041
93140
70648
68676
96880
71707
67962
92959
70310
67776
94172
71532
67817
101692
70758
68235
99701
70279
67911
95251
71612
67800
97893
71711
67953
97750
71514
68282
97511
71885
68751
95700
70845
67974
95546
70768
69009
96134
71111
67732
94482
70572
68015
93995
72767
68283
96437
75043
68528
96213
70483
74766
94747
70404
72740
97561
70467
75453
96364
67401
65832
95978
71324
68133
93659
70547
68775
93647
71684
68190
93223
70544
68039
94051
71238
68998
95232
71800
67420
95272
70608
66843
95531
70642
68404
93163
70211
68151
97789
71009
67803
94559
72586
68044
95086
70439
67243
94715
70504
67140
95409
69892
68055
96233
70429
68021
93789
71030
68784
99622
70246
66886
96225
69871
67837
94572
71530
67683
94212
71031
67395
96535
70435
67364
95677
70050
66988
94730
70185
67264
93784
71423
67742
95339
71299
67587
94355
70973
67665
94368
71452
66705
95212
69974
66371
96923
70033
67159
94310
71434
68008
94849
70159
67223
95774
69911
67438
94454
70181
67148
95397
70156
66786
94754
71882
67141
93982
70301
67009
96005
69980
71528
95202
70218
67232
93367
69353
67966
95913
70559
68897
95700
70253
67067
95571
69578
66879
96305
70834
65981
94082
69522
66981
93621
71138
67736
96559
70621
66306
94287
69569
68529
95200
69848
67068
93902
70611
66782
95045
72023
67393
100667
71799
67001
93230
69711
67576
94085
70317
67249
104198
69918
67110
94217
71382
68055
99386
69749
68049
102667
70407
67257
95444
70588
67160
103627
72594
68220
102462
71566
68016
101829
70226
68100
94372
71086
67229
95813
70820
67177
94379
71268
67818
96941
71739
68072
93917
71780
67948
101170
72943
68316
97222
71705
67960
95622
69145
66421
96244
69535
66701
95095
69586
66680
95316
75526
69051
93739
70042
67176
96330
69833
67029
95851
71690
67511
95989
70184
67744
95259
70708
67252
95058
69046
66910
94096
70083
67240
96493
71362
67536
94867
70619
66724
94582
71120
67337
94457
71723
66950
93285
70503
66441
93753
70218
67367
94514
70016
67866
95323
69223
66842
94824
69636
75266
93702
70817
67762
93798
71076
67685
92511
71737
68224
92837
70398
67030
93432
69238
67589
95201
70306
67214
95430
69945
68381
92856
70289
75871
94690
71077
68854
96686
70047
68643
94069
71795
67396
92554
69825
66336
93190
70248
67263
94551
71488
67285
92075
71047
67101
93663
71247
67716
94110
70935
67568
95049
70583
66906
94022
71985
67103
93974
70381
67452
96181
70806
68453
93497
69928
67264
93390
69173
67311
94464
69421
67913
97177
70976
67472
93145
69549
67163
92605
71714
67958
94365
69718
68910
94253
77545
67478
94352
71399
67413
90241
70697
67581
94911
70947
68957
91177
69605
68546
95263
69644
67317
90511
71048
68909
92354
69632
68003
95176
69760
67556
93667
77666
66962
93356
68578
68516
92448
69278
67730
93060
70704
67209
95337
71654
67166
95136
71242
66979
95600
70468
67041
94748
70553
66559
93046
70009
66777
94552
71683
67113
95094
70861
68137
94468
72001
67182
94157
69768
67054
94346
77263
67481
94172
70955
67590
94904
75485
67883
97246
70513
67398
92968
70581
67993
95883
71194
67962
95562
71762
67853
93816
70576
66521
94648
78812
67590
94180
69510
66733
92411
69390
66978
94419
70231
68331
93023
69423
66462
93317
69440
67170
96465
69185
66476
92452
68984
66873
92775
71863
66745
91912
69138
66454
92988
69560
67065
94276
71489
67051
92406
69613
65863
94565
69378
67157
92623
69784
66867
93052
69208
66453
98300
70876
66435
94018
70255
66520
93699
71190
67575
93883
70753
67683
95277
69964
67087
92891
70074
67897
92493
70298
66443
93756
70583
67298
94365
70735
67642
93194
69883
68319
91731
70088
66622
93969
69172
66152
94302
70863
66989
92599
69792
67124
94831
69537
66372
91447
69659
71665
94573
70960
66692
93714
70797
68209
94741
70335
66459
95873
69663
66864
93116
69854
68824
93041
69312
68051
94488
71282
68272
94727
70623
67732
94708
71477
66721
93071
70775
67341
93848
69742
66399
93928
71277
68538
92545
70711
66632
95002
70650
67597
94244
69710
68005
94961
69510
68279
96081
77411
68130
92474
69955
66306
94552
70152
66821
98734
70762
67063
91807
69876
67220
92908
69338
67911
93647
69938
67586
93510
70401
69606
93437
71302
66939
92574
69155
67611
94539
69821
75730
95706
70332
67553
95494
71145
66969
95561
69788
67717
95497
69826
68527
94365
69786
67313
94579
71159
67844
94708
70374
67759
95141
70912
74229
93669
69554
66910
94398
70436
68175
95261
70075
68347
95215
70237
67180
94805
70931
67368
94659
72497
67432
93016
71421
68143
96702
69906
67914
95361
70703
67359
94460
70720
72753
96473
70882
67732
93557
69946
66334
95007
69367
67113
94569
71392
67021
95826
69469
65929
93103
70400
67535
96699
69829
67381
93788
70703
66670
94394
70143
67863
95032
70889
66851
93444
70096
66414
94838
70566
67199
94006
69939
66901
94791
69759
66949
92943
69573
67210
91834
70484
68114
94747
70258
67240
95417
70103
66589
95698
69396
66417
94079
71419
67259
94231
69725
66813
92709
69915
66971
92093
69250
74862
93609
70056
67432
96171
70606
68648
93600
70222
66814
91963
69561
67054
92381
70619
66857
95217
69475
65891
92137
70563
67657
91167
70287
67583
91984
69275
67169
89276
69532
66901
93280
69128
66594
92644
69030
66921
93850
71068
68009
94342
71136
66151
95446
70025
67432
95028
70038
67581
97209
70088
68409
94241
69026
68638
91756
70489
68318
93652
76672
67674
94968
71515
67341
95685
70735
67295
94956
69618
66642
94150
70435
66314
94090
69404
66730
94596
70134
68330
94938
69942
66026
96303
69849
66890
95227
71508
67526
92972
69948
65881
93722
68683
66131
95369
74346
66598
90973
68924
66173
93710
69646
67939
92405
68826
66085
94352
68734
67235
93152
70190
67007
93141
69152
67813
95003
70917
69020
95031
69549
67281
95852
69211
67272
98554
69078
66491
97975
69287
66173
95548
69557
65806
95090
70784
66079
96117
69439
66051
95147
68333
66477
95546
69344
65640
93116
70204
66774
100047
69397
66959
94669
69679
66353
94958
69633
67027
95354
70992
66765
94006
69671
66267
98513
69221
66884
97776
68922
66253
94509
68919
66451
96487
69564
67497
94602
69691
66229
95116
69007
68000
97196
71265
67268
95644
68593
66665
96186
69285
65873
95047
69686
66342
95481
69018
66412
95087
69446
66539
93347
68915
65706
94348
68820
66070
93467
70982
66432
93455
69037
66356
96311
69018
65536
96329
68368
65342
92591
67927
66093
93665
68509
66513
93980
68543
66102
94202
68725
65915
94077
69855
66851
91062
68799
66013
93868
68238
66602
93317
68100
67766
95087
69081
66707
94760
69055
66279
94983
69669
66536
94871
69954
66009
96260
70574
67021
94685
68696
65655
94434
68540
65968
93050
69525
66274
94194
68743
65960
92836
68033
65614
97721
68726
67074
93023
69014
66219
92441
69683
65428
95950
69174
66202
93662
69342
65321
95093
68633
66470
92500
68904
65809
93421
69284
66312
93322
68899
65258
94930
68929
65096
95330
70321
66766
94824
69524
66416
96641
69556
66338
96513
70414
66746
96014
69978
66100
95203
69743
67064
97025
69400
66770
101861
69280
66511
97090
71639
66498
96750
69870
66537
96263
69349
66173
100666
69909
66062
94673
68639
65397
95255
69701
66731
96024
69667
66326
96611
70090
66849
96022
70992
66539
96569
69295
66438
98756
68971
65683
96325
69399
66125
97624
69876
66088
95079
69801
66470
100515
69355
66900
93925
69353
67255
95880
70242
66314
97132
68901
66712
96793
69119
68155
96515
69515
67099
94815
69511
66761
95653
76104
67304
96182
70138
65684
93622
69846
68021
95400
71979
67591
97771
69434
65897
97916
69086
67037
101917
69386
66486
102225
70346
66575
97256
69693
67041
96843
69596
66829
94252
68616
66334
96102
70456
66300
95135
69732
66970
97531
69423
66075
96735
69525
66739
95821
70057
65981
96315
69819
67280
96414
70062
66836
94514
69285
66859
99227
70639
66243
96118
69097
66284
97665
69334
65937
95678
69765
65811
95318
70452
66220
94873
69621
67132
95310
68854
66449
97628
69347
66965
95238
71934
66536
97033
69364
67006
97764
69904
66729
99905
69044
65943
98166
71413
67912
96121
71146
67129
97237
70559
71937
102666
69987
66435
101291
71837
66010
96447
70015
66692
96603
69501
66481
97513
69455
66394
96608
70046
66540
96431
69317
67217
98045
70363
66571
97616
69498
66112
96797
70637
67032
96265
69605
67365
96132
69133
66543
96894
68858
65654
95509
69202
66196
94536
69159
66941
94677
69278
66656
95162
69437
65772
95561
70310
65961
96459
69379
66628
94634
69813
65783
96102
68926
65045
94593
68941
66198
95850
69712
73122
95453
69638
66089
94196
69155
66656
95907
70554
66679
94325
69318
66181
95068
68507
78201
94158
70179
73537
97672
69469
67383
95983
70281
68298
96932
69382
67009
95598
69385
67195
95089
75998
67134
96322
74829
66922
95832
77272
66739
94600
69608
66466
97316
70325
66731
94703
69873
66919
94728
69206
66107
98565
69961
67151
101287
70864
67005
98354
69607
67128
95058
69286
66834
95565
69724
66279
96571
69297
66177
95646
69811
66845
96624
70185
67286
96503
69367
66366
95480
70776
66117
95915
70008
66732
98235
70594
66866
96733
70173
66540
96443
69099
67178
96661
69132
67439
95623
70075
66998
96754
69982
66849
96764
71131
66858
96672
70236
66584
96297
69742
66892
95466
69340
67579
95358
69608
66914
97063
69859
67612
96496
69255
66236
95884
68833
66673
94803
70400
66442
94746
69645
66236
96356
69285
66408
95297
69352
66402
94476
69151
66459
94044
69340
67695
95789
69162
67676
97379
68978
67797
97381
70773
67454
96098
68988
67091
93649
68952
67515
93694
69194
67052
94808
68994
67122
95752
69443
66596
92321
69468
66024
94259
68506
66478
92571
70392
66266
94569
69849
66285
93650
69050
66146
96557
69297
66187
96175
69441
66211
94684
69864
66192
96853
69326
65931
97519
69684
66124
96815
68890
66985
97827
70988
70943
94942
68959
72030
96061
69508
70867
96521
69098
66356
93845
69842
66761
94662
68708
67232
94494
69037
65718
95236
71655
65430
93777
68593
65124
95466
69160
65842
96692
68254
65034
96409
69731
65253
96547
68249
66661
95624
69255
65698
97847
69201
65657
98067
70054
68745
95175
68350
65888
97316
68033
65393
96336
68984
66141
95597
68789
66837
95962
68304
69073
94077
68860
65524
97143
69073
65809
94747
70719
65980
95711
68769
65283
94858
69273
68869
95515
78689
65763
96072
69264
66098
95125
68612
66184
94430
68413
65556
96973
69347
68784
93544
69544
65521
95841
68351
65755
94336
69040
66400
103087
68777
65433
95113
68646
68414
93684
68402
66818
96407
68911
72994
95268
68897
73077
95844
71023
67102
92946
69566
65102
93906
70462
65808
95180
70025
65505
94385
69494
66066
102875
68771
67159
93750
68418
65975
93756
68397
65535
95820
70130
66512
95130
69004
65702
95138
68044
66397
95183
69042
65338
95732
68087
65132
94673
69304
67313
95924
69252
65758
95085
69041
65138
96766
70946
66813
103479
69021
66339
96659
68998
66021
95435
68936
65381
95744
68856
65240
97172
68324
65921
95974
69326
65768
94735
69255
65075
96909
70705
65631
94650
69184
66175
95573
69520
64909
95314
69016
65929
95583
69617
65083
96160
69108
66396
94047
68639
66717
95125
68071
65593
94331
70192
65174
95652
76264
65824
95253
69277
64828
96128
69037
65615
94331
69657
66275
97513
70257
67307
95661
69916
65252
95401
69203
65749
95794
70258
66693
95551
69666
64632
98136
69294
65392
96616
69244
73491
96164
68625
66613
97382
69244
65485
96821
70435
65899
96975
69868
66133
96397
71017
65757
152475
116912
102304
99786
69964
66941
99971
68966
70210
98648
69806
66132
98890
70009
66424
100710
68973
66426
148553
71542
67698
103008
77158
75020
97709
69678
67331
97343
69108
66806
97504
69512
66855
96909
68293
66519
97194
70207
66945
97337
69640
66004
100884
71857
71403
144731
112982
106798
100463
70835
67677
96795
69706
67032
99604
90037
71436
101530
70530
66299
100568
70535
66345
100504
72553
68864
97780
69179
66379
97543
72735
67607
98736
78399
72748
100248
86170
73079
98316
71842
68110
141228
111473
102851
143141
103541
102140
99013
73836
69746
97236
72789
70516
96480
71497
66065
99359
71390
69827
96475
69249
65903
97304
69436
66453
96450
69731
67272
95890
69298
67157
95155
69532
66460
96430
70368
66120
95864
72175
67060
97223
69593
66362
94656
69083
66846
95595
69714
66192
96414
70465
67177
95517
70197
70388
96660
69302
66794
97187
69048
66286
96036
70388
65852
96630
68941
66524
95476
68938
66879
97017
70102
66279
98999
70034
66328
99185
69807
67688
98810
70646
66356
101654
69863
66873
100357
70614
66583
98906
70335
66638
98839
70876
67133
99317
70517
67177
100193
69784
66956
98020
69533
68812
97464
69085
67069
97953
69632
67178
100482
71864
66665
97859
69572
68386
97650
70402
67076
98151
70178
67100
98957
69683
66953
99995
69348
68042
99320
69975
66612
98927
69280
66152
98490
71189
66569
98373
69814
66490
96578
69694
67129
97873
69359
66912
98067
69625
66331
98105
69333
67601
99183
70101
67691
98614
69961
65337
98386
71454
67119
97519
71162
66623
95973
70162
66717
99874
70276
67222
99667
69333
66615
99051
69357
67844
98851
70603
66957
99731
69855
66301
98390
72537
66937
98300
70040
67241
100386
70208
66785
99754
70083
66108
98959
68900
66028
98387
70266
66570
100078
69473
66937
98474
69283
67147
99664
70199
66415
97664
70034
67221
101749
70948
66956
106133
70452
66795
99915
69384
67112
98596
70003
67854
100553
77026
67396
100671
70468
67039
99713
71297
68143
96312
69584
66541
100788
69970
66908
98204
69758
66918
100320
69349
67800
98969
69783
67306
96012
70201
66334
98337
70270
67819
98340
71150
67605
99376
70334
67367
99759
69419
67093
98648
69842
66224
99438
69804
67263
98319
69742
67459
98864
69429
66188
98329
70136
67246
96745
70530
67048
98040
69802
66220
100015
69488
66052
100152
70394
67374
98851
70151
67192
98144
69033
67537
96485
70438
66309
97706
75919
66970
98191
71015
66834
98422
70928
66718
97337
69359
66590
95947
70090
66379
96264
70606
66571
95619
70012
66915
100984
70235
66299
96496
70578
66437
94775
70702
66274
96673
69799
66574
95006
69562
67587
95841
69518
66580
96242
70375
65274
94402
70652
67302
95291
69370
66721
103370
70400
66980
94953
70665
67281
95741
69458
66814
94619
69156
67592
95817
69187
67802
95693
69687
67198
95995
69848
67209
96300
69013
65971
94203
69847
66201
97147
71408
66835
96686
69134
65992
94772
69791
65814
97170
70028
67603
95705
71129
66669
94737
71618
67214
94634
70567
65619
95846
69398
65935
95890
70117
65490
95552
69590
65734
96815
69939
66983
96344
70264
66953
96185
71408
67080
97723
70512
68079
95162
69312
66661
96085
69713
66521
95867
70605
66934
97238
69931
67627
96840
69952
66820
97499
69129
66125
96666
70130
68115
95797
69498
73484
95433
69378
67831
94875
69382
67771
96764
71109
66658
94854
69139
66389
96747
70864
66426
97964
70408
66348
97942
70506
67096
96942
70209
67670
95834
69474
67207
95952
70139
67929
97502
71023
67719
96515
70793
67082
97096
70752
67214
96093
70726
66873
96538
69863
66114
96831
70701
66509
97157
70241
67289
96542
70127
66245
95350
71787
66202
98531
70473
67304
96961
69959
66829
97039
70849
68323
95479
69655
67338
95721
70504
67688
94903
70199
66139
97166
70984
66442
96496
72509
67057
95699
70079
65833
96012
69783
65860
95562
69675
67175
95462
71109
67206
94641
69853
67815
94532
69327
67128
94709
70937
78217
96989
78775
67112
94692
70283
68238
96249
69692
66919
96898
68840
66517
96964
69264
66189
96574
69799
67334
95092
69491
66274
96152
70077
67456
95835
70397
66184
97387
68587
66695
99645
70138
66684
99757
69597
66140
98635
69050
67566
104213
69779
67368
96956
73767
70048
95445
70243
65918
95129
70927
65489
95708
69845
66496
96055
69808
66077
95867
69390
66456
97207
69616
66854
96700
70562
66982
96539
69384
67269
95643
69815
66995
96757
70586
68152
96756
73043
72882
96023
76668
65777
96341
70341
67205
96170
70595
65707
96625
70035
66179
107555
69057
70186
97459
69079
65853
99162
70635
66592
96863
68740
65776
96970
69173
65709
97600
80776
68735
96102
68740
74302
96480
69437
67851
95826
77286
66504
95268
70262
66010
98494
71626
69513
97049
70265
66716
97413
70225
66138
96309
69668
65557
97080
68770
66007
96470
69567
69458
95954
68263
65587
96836
69026
65405
95792
70022
65637
97051
68889
65104
96047
69048
66106
96826
71145
65980
96979
69725
65485
95732
69675
67611
94426
69373
66023
97282
70524
66417
96568
70901
65767
95159
69194
66411
103775
70120
65663
96296
70225
65109
95623
68973
65296
95651
69947
66210
95337
68750
65083
94954
68835
65722
96387
69850
65656
95680
68718
65751
95170
69207
65255
96296
69396
65858
95153
68729
65954
95520
68746
67740
96373
70689
66970
95449
69462
66970
96092
70763
65822
96115
69431
66179
94967
69371
65651
96786
68939
66377
95674
68834
67022
96527
68834
67112
95527
78490
66759
98680
70320
66539
96667
70142
66045
97043
69316
66625
97840
69559
65738
97533
69545
66052
95879
68935
65687
95806
69275
66743
96283
69399
77042
96651
69252
65507
96463
70824
66008
96993
68923
66422
97058
68982
64992
98363
69701
65869
95632
69032
65992
95941
76842
66574
95422
69726
65667
96898
70895
65928
96366
71402
66051
104948
70311
66663
94936
68675
65563
96699
68559
65664
96540
69429
65982
95833
70226
66816
98019
69213
66399
96673
68889
65434
96319
69684
65341
96635
69158
65614
95071
68820
66313
95729
69425
66358
96443
69507
65677
96955
69564
67125
97095
69760
65373
96438
68299
66414
96135
69529
66225
97442
70317
66025
96624
70099
65428
98152
69402
66100
97050
69052
66096
105474
69020
66096
96311
68886
65930
97345
68512
66077
96793
70339
66245
96144
68372
65918
96305
69572
73391
98682
69009
65357
96235
69031
66050
95886
69423
65871
95408
68651
65223
96419
68348
65465
95199
70554
65654
94947
69725
66057
96158
68659
68411
97548
85213
66189
96499
69325
68650
97121
69002
66754
97856
73959
66515
96568
69112
68373
96961
70782
65609
97124
69095
65909
97227
69241
66118
98624
69054
65582
100310
71256
66159
99094
69251
66078
99271
69483
66545
98693
69495
67207
98693
69719
66841
99294
69177
69252
101177
69227
65385
99699
69717
80465
96727
69118
67782
96045
69918
67622
97944
69966
68511
96566
69716
70192
96551
71507
67165
96081
70499
66576
96052
69588
67014
94688
69574
67117
95668
69486
66123
96559
70147
67050
95177
69721
65866
96378
69849
66465
97100
71560
66320
96313
69706
67438
95634
69443
66369
97113
69433
66899
94395
69047
66428
96658
71003
67324
95613
72128
67430
96913
69125
66806
94107
70895
67800
95797
68962
68295
105825
69765
66910
96133
70872
67010
96894
70300
67377
94755
69936
67169
95882
70120
66641
96799
70086
66777
96588
70343
67585
95586
70324
66736
95797
70623
66499
95520
69887
66829
97077
70173
66160
96592
69147
66646
96600
70247
74974
96572
70265
66473
95553
70667
65963
97193
70189
76807
99198
69991
67295
96458
69765
67077
96045
69327
67410
97057
71084
82576
100784
69515
68838
99600
74920
66727
99731
71855
65303
100081
69520
65454
98720
69478
65439
101972
70612
68670
99339
68766
66329
100923
69786
66468
100342
68975
66880
99413
68258
65325
100986
71360
69378
99628
69521
65958
99411
68995
65852
102819
69935
66812
101115
69578
68886
99877
70401
69001
98278
69551
66997
98940
70097
67432
99752
70282
68285
98827
70269
66129
99359
69734
66586
100342
68692
72209
98151
71021
66356
100496
68740
66390
98840
69162
65311
99344
86277
66314
100957
70500
66896
101058
70216
65276
98032
68918
66616
99566
68483
67447
100490
68984
65980
99710
73849
66877
99514
71087
66159
101123
69767
67664
100343
70903
65366
100792
70575
66135
97803
70491
67106
106051
70721
66367
102130
69786
65725
99055
69008
66336
98937
69500
66529
101175
69885
66812
99349
70453
65786
100447
68792
65629
101164
69790
66530
101339
69370
72003
99413
69520
65190
99868
70006
66813
99732
69547
68190
99484
68555
66136
98931
70077
66977
99858
68606
67292
99335
75772
66428
99458
75727
67154
97083
71348
66220
97708
69706
66615
97454
69824
66655
98494
70088
66562
99264
72023
65829
98996
68939
65965
100146
69510
80837
99617
69003
66080
100611
69509
65726
100479
69408
66253
97796
68707
65613
101140
69094
65568
99736
70273
66498
99950
69797
65691
98782
69136
65262
99519
69890
72194
98690
69904
67477
100193
70238
71577
98694
69241
66644
99092
69415
67282
99552
71003
66368
98545
69011
67192
100602
70202
65915
101291
70830
66564
99498
70954
66121
99551
70716
66304
98907
69895
66567
101477
69520
65938
99039
70658
66464
99317
69369
65380
97215
69523
65860
99140
69258
65854
100234
68938
65582
99397
69051
66253
98584
69640
65716
99695
68737
65424
99982
70133
66011
98567
69124
65599
98155
69584
71036
99174
69069
66202
98907
69213
66035
102287
69178
65831
98733
69497
67095
99134
69851
69496
99026
70231
67113
99094
69725
66324
98660
69936
65891
100113
70027
65851
99215
70812
68391
101214
69596
66237
100956
70359
66582
99953
70525
66150
99862
71656
66055
99132
70305
66825
100973
69286
65461
99856
69305
65862
99464
69828
65370
98729
69181
66308
100391
69530
65124
99885
69618
65569
99170
70750
65265
100142
68757
74537
99455
68865
65911
100628
69901
72892
100370
69681
65244
100620
69261
65437
101029
69878
65740
100594
68963
73990
100966
71591
67151
100763
70863
66007
100211
70195
66558
105318
70049
66857
100632
69956
66647
101368
69221
66588
100708
68917
66011
110548
69844
66006
108868
71141
68797
148566
116346
85582
151089
115199
112926
99344
71527
112087
98295
71565
68652
97934
72644
73170
97221
71820
69062
98494
72048
86009
97098
72375
68666
99399
72076
69627
97819
71744
71016
97697
71043
69685
98303
71708
75092
98348
79724
71182
105490
72650
72889
99108
76414
71094
99560
73535
71497
105037
73631
72276
97586
73553
70615
100967
75676
70060
103008
79569
75484
99512
77787
73364
108971
77979
74383
141345
80720
75688
148801
107448
111192
147586
122112
106713
98170
87502
92210
97102
71450
83851
98434
69893
65945
96215
69677
66539
95727
70640
68944
96996
70238
66860
96228
71260
65579
98403
69811
66528
95973
69426
65490
97600
69173
66050
97295
69704
65079
97402
69558
66726
96162
70271
66139
97067
68176
67008
97629
76099
85940
99750
70510
65873
97439
69658
66627
99178
70753
67668
98514
69507
66424
100815
69775
66613
98477
69945
66694
96904
75874
67545
97784
71727
67603
97522
71819
66703
97636
69529
67408
98789
69891
66193
97564
70762
67752
101654
70071
65940
95779
69325
65004
96908
70432
65800
98660
71331
65732
98001
69472
65730
97433
69147
65888
97887
68923
65145
98391
69760
65208
100048
69158
65715
96742
69907
65880
99275
68930
66585
98297
71042
65162
99283
70107
66063
98041
69542
65360
98276
70142
65788
98456
70697
66183
99438
70223
66519
98318
70735
65754
99495
69428
66327
99520
70976
66073
98918
68715
65813
97307
70366
65144
99174
70787
65770
98858
68944
66579
99026
69391
67023
97097
68939
65035
100255
69766
66446
111901
73220
99391
