25910
13466
14409
13708
19324
12878
13680
13253
13885
13434
19534
18072
19343
17096
18582
18415
19239
17132
25105
23464
19715
17281
18489
17998
18836
18273
24960
22619
18479
18357
19419
18049
18952
17696
18936
17369
19133
17687
17583
18947
19086
17570
18866
17453
18517
16796
18852
23231
19395
17496
19046
16816
19465
17702
18773
17641
18269
18125
24561
17501
19267
18273
18245
17080
18744
22714
18679
17659
18881
17528
19217
17832
19263
17870
19111
17012
18853
22878
18193
17937
18470
27691
18775
22879
19042
28901
18670
16993
18660
17689
19071
17318
17843
18446
19419
18153
17993
16774
18630
17281
18863
16579
18795
17187
18805
18809
19183
17650
24247
17519
18872
17340
25112
22914
19176
18229
24139
18018
19406
17832
18376
17679
18658
18183
19129
17619
19332
17740
19222
16978
19217
18211
19863
23448
18766
17323
19039
17042
25439
17638
19624
30511
19465
17283
19069
17271
18242
17789
19241
18357
24535
18389
18559
17134
19371
18161
18355
23066
18441
17819
19802
17993
24531
18256
18704
16685
19575
16974
18949
18251
24271
18109
18266
16979
18769
16811
18636
18174
19006
17696
18556
17841
19182
18170
18553
17475
19129
17918
25167
17761
19726
23218
19475
17912
18379
18737
17874
17876
20236
18042
18601
17338
24849
17955
24580
17050
18951
16182
18760
18318
23525
17829
23566
17000
18792
18441
24299
17909
18741
17486
18174
22886
18566
17696
18602
17271
20001
17681
18917
18304
18992
17644
18709
17672
19250
17130
19005
18612
18347
23717
18391
24551
18477
18914
19052
17889
18322
16937
18598
17379
24502
18027
19329
16755
18820
23088
19203
17728
18403
17760
18014
17820
25126
18038
18900
17443
23510
24036
19054
23751
19628
18265
19187
17905
19354
17570
19054
17932
18153
23415
24548
17973
18326
17662
19296
18304
24185
22389
19243
17938
19318
17686
24701
17517
18803
19052
18893
17756
18743
18286
18699
17592
18674
23332
19501
17597
18803
17183
18368
17877
18561
17924
18661
18046
19453
17365
18963
17662
18214
17759
18461
17210
18923
23651
19846
17868
24940
18475
24543
18290
24344
17528
18708
17423
19076
17700
18834
17439
24912
18430
18956
17900
19224
23521
19875
18371
19054
17718
24686
17836
18615
18060
18912
17772
18771
17307
18340
17481
19218
17961
19540
17159
18095
18110
18875
17733
18907
16550
18310
17987
19628
17964
18543
17411
18702
17172
19285
18112
18806
18670
19345
17035
18701
18018
19041
17664
18802
17204
18705
17480
19153
17516
18317
17974
18493
16822
18680
17872
18766
17954
18363
16943
18645
17900
18679
18018
19230
17753
19011
18258
18311
17448
18540
17760
18565
16733
17836
17395
19077
17451
18867
17959
18848
17715
19083
17127
19518
22193
19045
17761
18792
17788
18244
17501
19597
18078
19077
17822
18829
17003
18710
16937
18856
16775
18828
16989
19479
17208
18420
17392
19126
17875
18076
18158
18434
18024
18690
17993
19070
18127
18620
17776
19073
18230
19786
17339
18963
17619
19271
18261
19016
17378
19906
16980
19835
17885
19018
17480
18646
18219
18558
17935
18899
17433
19257
16767
18844
18334
18943
17542
19283
17261
19084
17405
19496
18073
18449
17780
18745
17330
18356
17512
18528
18192
18778
17499
18602
16993
18536
18022
18993
17115
21016
18224
18968
17636
18351
18379
18937
17823
18989
17246
18369
18263
19173
17480
19315
18397
18908
17560
18203
17022
19220
17128
19385
17467
19330
16969
18348
17847
19319
17476
19146
17950
19843
17485
18431
18132
17997
17480
19053
17449
18617
17225
18842
17068
20176
18871
19181
17296
19500
17440
19626
17937
18799
18432
18972
18661
19459
17788
19342
18341
19139
18267
19477
18106
19368
18862
19368
18244
19090
18020
19240
18273
19626
18266
18747
17832
19689
18870
19284
18141
18980
17971
18544
17703
19657
18009
19657
17984
19354
17619
19638
18198
18731
18496
19085
18718
19269
18157
19991
17923
19799
17865
18603
18815
19816
17804
18985
17950
18781
18143
19680
19174
20294
18495
19501
18531
19964
17763
19489
18550
19182
18506
20007
18367
19515
18431
19210
18069
20112
17869
19722
17593
19310
17802
19867
18438
19031
18305
21299
17490
18737
18543
25196
17720
21263
19013
19095
18983
19248
17496
19544
17852
19195
19125
19785
19400
19470
17833
19276
18588
19866
18008
19906
19151
19321
19775
20223
18824
19428
18268
26337
18427
19572
18181
19378
17795
19714
19183
18551
18539
25197
18957
19336
17817
19522
18025
18587
18076
18881
18523
19836
17522
19636
17631
19853
18501
19104
17792
19215
17937
19276
18375
19994
17905
19094
17900
19550
17998
19367
18281
19662
18429
19181
17708
18635
18110
19310
18400
19533
18297
19660
19028
20007
17932
19411
18091
20434
17442
19419
17951
19553
17968
19983
17846
20191
18523
19015
18459
19573
18091
18995
17922
19449
18211
19596
18558
19859
18855
19597
18625
20269
18748
19250
17648
19089
17771
24931
18297
19498
19220
18863
18256
19915
18077
19482
17512
19459
18677
19385
18649
18675
23923
25628
18537
18949
19037
19826
18009
19966
23695
19811
17899
19549
18181
25406
17585
25817
18732
25196
17975
25173
18097
18818
18176
19690
17673
19305
18277
25467
17920
19910
18049
25960
18194
20450
24143
19833
18655
19656
18176
18881
23649
19376
18378
19274
17922
18912
18184
19128
17469
19297
23747
19314
18484
19594
17543
19767
24024
19862
17432
19308
17824
19598
17685
19720
17827
25451
17887
20299
23962
20259
18540
25091
18751
19270
17541
18294
23838
19945
17419
20169
18842
25192
18106
19212
18463
19269
18302
19315
18020
20288
18417
25145
18073
19116
17748
19425
18501
19565
17590
20256
17928
19188
18017
19138
18134
19135
18071
18879
18523
18974
17803
19205
18651
18816
17496
19491
18811
19306
18363
20097
18305
19783
18535
19698
17523
19337
18108
19715
18710
19442
18290
20014
18297
19741
17883
19022
18001
19751
23465
20051
17970
19507
17925
19155
18151
19331
18409
19068
18997
19827
19189
18750
17889
19067
19156
19736
17962
18921
18170
19919
18202
18552
17946
19426
18121
19803
19283
18675
18431
19166
17766
18502
18168
19039
17694
19452
18385
19190
18063
19188
18757
19053
18470
19613
18067
20138
18212
19648
18676
19110
18577
20734
18169
20118
18391
19583
18487
18864
18188
19867
18653
19479
18421
18781
18497
19504
18490
19379
19072
20036
23276
24297
18484
19728
23992
19282
17925
19490
17956
18542
24089
24832
17989
18685
17827
25201
18074
25424
17935
18638
18230
19471
17735
18650
18043
18724
18115
18868
17485
19660
18105
26537
18656
18944
19028
19536
18008
19195
18308
19383
17953
24977
18528
19994
18768
18957
18199
19668
18034
25065
19390
19398
17607
20136
18693
25026
17905
19900
18911
24671
18006
19999
17646
19859
18429
18555
18322
19033
18192
18703
18005
18766
24113
20011
17742
19033
18244
18833
17852
19137
18232
18827
17936
18612
18127
19166
18021
19307
18269
19415
19084
18812
17699
19361
18535
25823
17409
18807
17985
19892
18059
20315
23760
18741
17601
19938
18820
20306
18448
19269
23514
19227
18842
19239
23762
19578
17955
19552
18282
19781
18496
19552
17859
19545
18296
19216
17867
19183
18459
19943
17681
19543
18065
25178
23579
19750
18155
19621
18593
19475
18292
19240
18431
19518
18011
24702
17464
19372
17828
20294
18454
19052
18674
18950
23372
18737
24195
25129
17353
19493
18087
19325
17498
19104
18384
24678
17888
19022
18620
19153
18621
24979
18111
19036
18376
18969
17948
25200
19015
19540
18286
19443
18883
19104
19552
21857
27602
20230
18778
19953
18866
20462
18362
19868
18488
19994
19375
19830
18490
19985
18075
19622
18327
18905
18638
20277
18424
21273
19605
26843
18437
19311
18527
19910
18534
19893
18103
19599
17926
24778
17440
24596
18840
19821
18140
25117
17517
19380
18548
19497
18441
19480
17949
18869
18151
19085
18279
19228
18322
19392
18562
19710
18030
25983
24201
19414
18943
18712
18457
19043
17781
18938
17913
19095
18519
20127
17812
19554
18211
19494
18405
19351
18152
18756
18299
