1 client(s)
4076
2 client(s)
3725
3793
3 client(s)
3696
4207
2839
4 client(s)
3668
16879
2457
2630
5 client(s)
2415
3432
2692
3304
2572
6 client(s)
2366
3759
3291
2507
2843
2755
7 client(s)
2516
3926
2912
2476
2462
2452
2436
8 client(s)
2410
3789
3356
2474
2308
2658
2782
2413
9 client(s)
2691
5438
2458
2355
2262
2239
2340
2474
2395
10 client(s)
2262
3965
3506
2709
3538
2671
3187
3737
3053
2850
11 client(s)
2868
3350
3002
3526
2726
2478
3726
2895
2690
2849
3242
12 client(s)
2526
3548
3863
2748
3329
3529
2539
2917
6230
2260
2703
2247
13 client(s)
2669
3814
3494
2563
3242
2812
3112
2870
3303
2942
2281
2706
2272
14 client(s)
2441
3531
2705
3439
11376
3649
2679
2353
2325
2885
2454
2592
2615
2290
15 client(s)
2633
3645
3602
2523
3041
2373
2297
2593
2267
2693
2246
9034
2426
2520
2850
16 client(s)
2734
3878
2697
3772
4116
17133
3711
3685
3205
2972
2486
4151
2849
38904
2626
3623
17 client(s)
2731
4054
2998
2711
2559
2605
23077
2593
3189
2446
2904
2662
4122
2622
8302
2570
3331
18 client(s)
2457
3713
3682
3114
9380
3747
3863
3898
3403
3629
3257
3174
4184
2801
2645
2256
2558
2262
19 client(s)
2415
4137
2866
3119
4021
2605
2567
2436
2427
2964
2770
3645
2774
3297
2497
2618
2334
2312
2312
20 client(s)
2607
3409
3353
3419
3477
2961
3552
3559
3192
3100
3345
3083
2287
3062
2319
2261
2382
2291
2880
3036
21 client(s)
3650
3798
2759
2998
2540
2777
2771
2525
2959
3919
3659
3879
3979
2514
2857
2474
2698
2324
2817
2305
2315
22 client(s)
2613
3786
2804
4011
3526
3009
3904
3635
3434
3354
2759
3458
2752
2686
3292
3160
2574
3517
3270
2940
2301
2323
23 client(s)
3238
3897
3371
13463
3507
2718
3531
3831
3334
3735
4035
3482
3372
3413
3077
3689
3875
3285
2754
2776
2792
3006
2555
24 client(s)
3099
4238
3828
3571
2803
2655
2550
2679
6696
3428
3380
3556
3387
3684
3681
3337
3947
2807
3238
19190
3006
2585
3184
2995
25 client(s)
2692
4263
2755
3321
4129
2649
2887
3287
3875
3502
3329
3431
3405
3573
3699
3633
3045
2717
2489
2452
2442
2766
3143
2874
2606
26 client(s)
2647
3731
2810
3710
3322
3263
3226
3220
3514
3561
3149
3290
2980
3127
3108
3583
3156
3272
3323
2368
3000
4036
2711
2281
2591
3427
27 client(s)
2900
3657
3395
3766
3277
3270
3451
3459
3096
3997
3463
3417
3656
2993
3501
3569
3364
3637
3157
3290
3914
3672
3637
2924
2629
2617
2316
28 client(s)
3105
3594
3453
2663
3343
3630
3369
3730
3459
3643
3349
3157
3775
3243
3233
3313
3511
2996
2772
2527
2510
2439
2996
2577
3019
3634
2592
2300
29 client(s)
2772
4080
3740
3225
2919
3439
3637
3336
3459
3239
3580
3747
3458
2654
3298
3428
2798
3573
3354
3198
3098
5111
2996
2728
2901
2507
2510
15672
2333
30 client(s)
2640
4134
3835
3330
3113
3186
3417
3166
3162
3127
3151
3224
3287
3650
4205
2647
2610
3043
2515
2477
3066
12180
7257
3523
2382
2674
2409
2315
2903
2334
31 client(s)
2586
3654
3388
2969
3789
3919
3268
3589
2913
3842
3676
3111
3197
3676
3603
3377
3375
3720
3444
3451
3951
2804
2822
2618
2532
2670
3598
3794
2772
2867
2614
32 client(s)
2686
3712
3101
3423
10060
3160
3315
3302
3584
2822
2845
3461
3546
3656
3694
3741
22810
9250
9752
3564
3289
2608
3288
3539
3410
2789
2516
3358
2844
2652
2310
2309
33 client(s)
2284
3668
3606
3626
3272
3551
3355
2798
2701
3421
2542
3027
4234
2578
2980
3269
3449
3539
3248
3311
2779
3627
2813
2749
2790
2449
2435
6504
2884
8695
2549
3447
2745
34 client(s)
2504
3630
2804
4140
2987
3310
3028
3818
3121
2698
3833
2534
3644
2714
3242
2886
3484
3169
2580
3107
2751
3555
2543
3936
2634
2406
2334
2327
2810
2633
2422
2575
2939
2561
35 client(s)
3073
3769
3393
2477
3241
2532
3838
3675
3441
2571
2684
3411
4028
2680
3905
2645
3669
3770
2762
2793
2743
3260
3501
2921
3830
2973
2824
3708
2496
3068
2523
3069
3192
2894
2818
36 client(s)
2389
3786
3206
2538
3393
3679
3579
2513
2711
3305
3318
3676
3388
3741
2781
3364
3517
2617
3875
2538
3771
2523
3769
2505
2675
4003
2750
2571
2977
2438
9550
2467
2704
2720
2841
2622
37 client(s)
2314
3431
3644
2493
3438
2543
3475
2571
3636
2653
2437
3494
3412
3568
4037
3746
3264
3553
4266
2548
3039
3224
3499
2473
3582
2772
3959
2620
2530
2485
3053
2977
3057
3523
3328
3066
2969
38 client(s)
2401
3830
4008
3452
3921
3495
3477
2717
3411
2835
3488
3400
3571
3527
2573
3380
3275
3902
3381
2535
3278
2527
3497
2835
2511
3421
3396
3292
3963
2940
2777
2718
2449
2768
2668
2565
3058
2872
39 client(s)
2731
3598
3290
3100
3327
2585
3778
3044
3369
2586
3953
3797
3248
2545
3257
3376
3182
3061
3458
3253
3205
3210
2956
3372
3399
2683
3460
3035
2724
3692
3608
2751
2401
2337
2320
2289
2513
2416
3189
40 client(s)
2826
3563
3430
2769
3613
2860
2492
3369
3410
3874
2856
34411
3343
3669
2541
3016
3337
3713
3405
3841
3275
2951
30372
14785
2858
2913
2482
2702
2650
3508
2675
2481
28896
4011
2946
2373
2476
2862
3235
3050
41 client(s)
2375
3887
3802
3536
3237
3014
2699
3498
3429
2714
3389
3389
3376
3185
3392
3213
3522
3041
3355
3479
3241
2720
3684
2972
3470
3378
3411
10970
2508
2407
2538
12621
2671
2609
3159
3415
3249
3279
3113
2528
2644
42 client(s)
3049
3601
3782
2573
3090
3271
3229
3293
3487
2784
3858
3458
3231
3456
3431
4069
2679
3917
3937
3683
3251
2887
3668
3516
2944
25315
3282
3296
3652
3032
3241
2762
3694
3505
3037
3032
3496
2971
2632
2763
3001
3275
43 client(s)
2505
3571
3018
3495
3248
3060
3498
3463
2698
3221
2887
3734
3028
3273
3905
3228
2409
3584
3532
3484
3808
3427
3792
3281
2660
3393
2846
2614
2748
2921
2654
2992
2455
3212
3152
2666
2947
2851
2772
2932
2830
2726
3033
44 client(s)
3180
4311
3827
3051
3227
3691
2790
4098
3197
3403
2825
4310
3106
2976
2969
3826
3284
3148
3967
3332
2740
3400
2737
3447
3297
3266
3389
4042
3048
2689
2629
2622
2333
2992
3436
3284
2642
2566
3112
2653
3665
2559
2324
2847
45 client(s)
2482
4078
4325
3817
3028
2613
3400
3596
3714
2643
3246
3750
3571
3024
2720
3975
3236
3333
3798
4029
2772
3787
3174
2542
3479
2987
4157
3233
2773
2971
2513
2844
3519
3934
3060
3417
2948
33631
2654
2307
2497
2795
2536
2567
13718
46 client(s)
2863
4084
2733
3689
2561
3441
2938
2871
3449
3325
3856
3474
3066
3478
3107
3863
3058
4290
2849
3250
2730
3591
2674
3001
3687
3057
3785
3435
3468
3533
3457
3558
3581
3788
3092
3603
2758
2790
3372
3188
3310
2696
2901
2894
2851
2696
47 client(s)
2320
3675
3739
2651
3363
3080
3425
3808
3451
3342
3447
3670
2926
4058
3505
3132
2614
4081
2704
3716
3285
3233
3545
3081
3527
3103
3347
2794
3477
3704
3138
2629
2663
2450
2775
2514
2347
2927
2797
3102
3413
2638
2508
2537
2861
3031
2742
48 client(s)
3400
3863
3686
3514
2634
2984
3353
3533
3916
2656
3576
3865
2899
17656
3694
3660
2770
3658
3155
4103
2559
2511
3643
3424
3530
2617
3572
2948
3398
3505
2863
2903
3473
3603
2700
2486
3353
3427
2902
3212
2953
3908
3155
3044
3894
2515
3160
2654
49 client(s)
2844
3918
3662
3974
3129
2847
3741
3585
2566
3406
2672
2705
7188
3396
2786
3336
2754
2973
3225
3324
3409
4030
2533
3982
2998
3660
2669
3576
3427
2969
3358
3175
3356
3470
3501
3102
3348
3257
3401
3584
2924
33207
3144
2778
3673
2955
3015
2503
2491
50 client(s)
2722
3630
3400
3571
3175
3476
2696
3229
2827
3336
3530
2895
3770
2933
2740
3412
2742
3020
3841
3635
3283
3279
2838
4255
3348
3462
3521
3545
2589
4018
3297
3361
3930
3286
3652
3558
3560
2882
3226
3407
3571
2895
2352
2231
2599
2417
2318
3437
2953
2921
51 client(s)
2559
3558
2663
3515
3377
3590
3645
3231
3294
3347
3584
2557
3781
2579
3541
2732
3032
3361
3480
3524
2617
3878
3386
3314
3559
2682
3346
2886
3614
2762
2557
3752
3435
3312
2905
3557
2525
3623
3967
2548
2579
2660
2716
2685
2544
2546
2300
2625
2764
2791
2539
52 client(s)
2693
4221
2643
3748
2603
4100
3681
2942
2770
3524
2720
3425
3638
3050
2707
3225
4154
3066
3750
2978
3743
4033
3577
3435
2706
3558
2529
3933
2696
3273
3342
3435
3571
3345
3751
3639
3635
2785
3557
3265
3321
3140
2776
3737
2934
2941
2637
2348
2686
2784
2619
3464
53 client(s)
2580
4034
2628
3861
3390
3039
3410
2716
2452
3791
2908
3487
3967
3636
3291
3232
3443
2751
3242
4039
2895
3402
2821
2758
3248
3318
2966
2738
3313
3759
2697
3295
2779
3860
2498
3436
2722
3620
3728
3473
2921
2909
3419
3115
3103
3545
3049
2775
2688
2961
2853
2975
2711
54 client(s)
2894
4327
2732
3368
3675
2840
3120
2566
3647
4027
3274
3626
2745
3720
3441
3523
3798
3932
3030
3609
2717
2859
3695
3911
2733
3749
2838
3310
3018
3511
3515
3293
3512
3413
4044
2807
3415
3318
3432
3458
2932
2931
2653
3053
3231
2586
3047
2721
2753
2620
3493
3710
2480
2380
55 client(s)
2680
3944
2929
3029
3879
3084
3462
3477
3482
2937
3880
3320
3027
3495
2711
3137
3423
3815
2791
2479
3181
3809
3045
3106
3532
22941
3240
3122
3383
3530
2706
2426
3994
3406
2821
3603
2783
3737
2712
3581
3402
3388
3418
3272
3287
3897
2845
2795
3585
3165
3404
2370
2464
2803
2601
56 client(s)
2912
3872
3434
2793
3730
3159
3747
3585
3349
3371
2795
3503
3025
3438
3283
2962
3464
2570
3051
3538
2875
2782
3673
3604
2811
42815
3357
13223
2824
2786
3569
3959
3196
3767
3444
2545
2739
3484
3526
2675
3752
3100
3729
2612
3740
2594
3066
2924
2546
2778
7082
3007
2870
3053
2864
2576
57 client(s)
3021
3815
3739
3364
3578
3562
2676
3116
2984
3499
2676
2850
3389
3497
3287
3193
3934
2799
2877
3304
4088
2764
2860
4025
2720
3443
2994
3637
2766
3037
3346
3016
2964
3918
3357
2888
3590
3110
3270
2748
3619
2556
2491
3540
2981
3565
2922
2693
2841
2726
2458
3140
3241
3138
2912
3319
3028
58 client(s)
2585
3682
4027
2829
3160
7530
3537
2739
2755
3288
3408
3293
3419
3875
4175
2989
2744
3453
3561
3518
2535
3901
2794
2987
3669
3539
3586
2518
3406
3423
3403
3689
2820
2667
3665
3607
24730
2723
3446
3122
3337
3580
3365
2688
3151
3652
4396
2718
2931
2739
3170
2536
3771
2559
2523
2540
2948
2903
59 client(s)
2879
4044
3409
2744
3663
3389
2762
3511
2651
3805
3728
2579
3799
2577
2957
3741
3333
3537
3494
3498
2944
3515
2709
4051
3066
3645
2564
3508
3171
3470
3464
3508
2856
3377
3492
2773
3224
3942
4030
3835
2763
4168
2706
3512
3018
4213
3567
3697
2930
3317
3630
3021
3011
2833
2964
3580
2941
3025
3989
60 client(s)
2696
3701
3384
3332
2903
2404
3881
2672
14289
2983
3146
3378
2685
2442
3491
2905
3329
3294
3174
2660
3370
2869
3360
3142
3510
5454
3677
3137
2586
3105
3041
2573
2452
3448
3539
3067
3099
2687
3454
2761
2712
3944
2961
2519
3526
3323
2748
5197
2845
2286
2523
2842
2984
2589
2853
2905
2490
4813
2845
2841
61 client(s)
2848
3618
3343
3188
2778
2936
2737
2783
3026
2904
2829
2964
2718
4774
2672
2500
2697
2235
3601
2703
2993
3516
5241
2520
2511
3025
2972
4952
4727
3129
3288
2491
2811
2823
2949
2836
3252
3562
2754
2983
2699
2519
2712
2457
3054
2680
2897
2644
2835
2343
2687
3228
2909
2867
2501
2510
2879
2907
2844
2929
2891
62 client(s)
2664
3194
3153
3533
2887
2885
18989
3191
2633
2905
2945
2689
2996
2750
2847
3105
3033
3363
2471
2482
2993
2855
3039
2803
2879
2666
2902
2618
2896
2501
2232
2704
2645
2527
2731
2718
2723
2800
3044
2794
2773
2715
2916
2475
2687
2904
2590
2657
3047
2857
3255
2625
2489
2290
2476
3093
2151
2500
2852
2847
2742
2729
63 client(s)
2958
3313
2856
2509
2498
2718
2515
2758
3492
2296
2758
2486
2856
2771
2987
2573
2951
2888
2484
3142
2679
2747
2276
3445
2819
2823
4085
2409
2586
2778
2864
2853
2681
2656
2831
3444
2842
2844
2888
2931
2567
2611
2875
2647
2956
2545
2895
2472
2290
2715
2907
3297
2597
3700
2465
2569
2635
2729
2709
2916
3254
2733
3063
64 client(s)
2985
3620
3215
2893
2818
2899
2523
3508
2562
2482
3139
2735
2896
2921
2840
3301
2774
2768
3096
3112
2758
2666
2886
2518
2844
2562
3050
3463
2447
2911
2824
2940
2474
3371
2806
3014
2976
2659
2808
2289
2678
3153
2768
2558
2246
3142
2699
2946
2672
2353
2736
2977
2433
3024
3675
2774
2521
2814
2456
2254
2727
2836
2845
2691
65 client(s)
2723
4065
3392
2540
3267
2544
2487
3264
2582
2678
3134
3443
3556
2822
3460
2651
2997
3080
3356
3377
2721
2445
2502
2210
2571
2660
2516
2512
2231
2744
3295
3498
2708
2893
3104
2279
3228
2601
3228
3130
2495
2915
2705
2693
3075
3251
3080
2908
2909
2723
2725
2747
2998
2827
2736
2459
2784
3164
2580
2785
2828
2507
2774
3159
2877
66 client(s)
2445
3986
2705
2994
2373
2570
2825
2233
3151
2636
2359
3107
2294
3383
3109
3338
2633
2799
3575
3267
3356
2729
3453
2520
2470
3376
2667
2991
3112
2588
3244
2899
2886
2778
3195
2797
2493
3259
2393
2888
3162
3107
2625
2411
3514
2776
2596
2984
2838
2315
2231
3539
3294
2472
2577
3510
2250
2805
2262
2567
2258
3652
2311
2541
2673
2267
67 client(s)
2266
3355
3196
2403
2821
2984
3684
2542
2348
3243
2321
2854
3168
2613
3126
3258
2255
2799
3372
2492
3024
2368
2637
3029
2746
2281
2485
3022
2301
2854
3128
2286
2773
2841
3247
3297
2659
2893
2661
2514
2911
2500
2799
2977
2300
3028
2318
2350
3415
2762
2729
2258
2657
2266
2839
2839
2792
2709
2606
3143
2590
2299
2239
3485
2261
2867
2266
68 client(s)
2489
3533
2527
3007
3170
2248
3013
3028
3441
2455
4081
2437
3684
2774
2803
2969
2647
3040
3419
2391
2682
3092
2917
2960
2622
3183
2409
3565
3134
2317
2538
2297
2705
3174
2394
2703
2495
3018
2554
3151
3498
2813
2753
2318
2830
2421
4119
2561
3369
2789
2687
3016
3425
2442
7048
4471
3024
2298
3526
2807
3571
2482
2955
2645
3221
4313
3153
2525
69 client(s)
2344
4831
3331
2409
3411
2497
2356
3497
2616
2805
3796
2684
3372
3045
3021
3022
2683
2313
3889
4031
2714
3087
3772
3121
2464
3108
3701
2484
3480
2357
3177
2570
3119
3375
3429
2529
2963
2838
3185
2597
2765
2331
2896
3179
2390
3206
3000
2923
3590
2278
2719
3209
2371
3252
2929
3051
2451
2886
2290
3281
3845
2635
2547
2857
2929
2265
2185
2611
2193
70 client(s)
2181
3418
2934
2776
3615
3886
3336
3277
2626
3085
3129
2883
2357
3077
3072
3025
2560
2864
2313
2828
3449
3455
2810
2433
2693
3362
2343
2853
2397
3061
3043
3042
2917
2197
2837
3471
2780
2309
2634
2383
3144
2411
2650
2709
3063
2742
2509
3178
4634
2663
2884
2332
2464
2759
2780
2357
2395
2612
3674
2551
3322
2675
3173
2502
2544
3206
2310
2379
2316
2728
71 client(s)
2249
3728
2916
2884
2781
2662
2318
2485
2244
2920
2761
2333
2651
3226
3064
2451
2744
2580
2141
2512
2875
2800
3500
2866
2823
3539
2576
2290
2707
2684
2356
2866
2705
2294
3077
2731
2442
2283
2567
3286
2489
2893
4716
3036
4068
2502
2902
3229
3174
3124
2818
2245
2245
3122
3034
2896
5443
2690
2304
3080
2799
2286
2270
2569
2265
3076
2309
2743
2758
4016
3147
72 client(s)
2622
3506
2962
5450
3360
3756
3494
2486
3759
2325
2809
3302
3035
3306
2720
2551
3117
2495
3608
2477
3682
3059
3139
2827
4062
2923
2920
3370
2752
3265
3511
2368
2792
2599
2385
2993
2985
2800
2580
3487
2786
3793
2710
2893
2447
3674
2390
2937
2705
2555
2622
3071
2784
3026
3511
2266
2817
3289
2427
2400
3243
2349
3194
2363
2964
2858
2375
3455
2813
2968
2836
2661
73 client(s)
2716
3741
2996
3355
2807
2360
3332
2430
2244
2293
2929
3163
2409
2723
3210
3593
2737
2930
2583
2722
3516
2755
2536
2799
3157
2520
2929
2868
2412
2579
3176
3101
2733
2991
2459
2901
2323
4856
2933
2797
2935
2831
2693
3246
2363
2714
2510
2493
2710
3213
2938
3156
2303
2725
2864
2925
2493
2922
2911
2402
2752
2692
2765
3035
2333
2450
2831
2337
2976
4758
3274
2738
2967
74 client(s)
2908
4053
2362
2592
2825
2358
3300
2368
2572
2449
3085
2674
2857
3496
2601
3647
2765
2600
3002
2871
2890
2917
2341
3113
2845
3048
2698
2752
2301
2379
2936
2445
3103
3913
2878
2352
3454
3196
2880
2336
3007
2959
2902
2571
2884
2455
3145
2895
2882
2832
3718
2353
2735
2923
2383
3300
2524
7737
2392
2361
2287
3135
2805
2942
2942
3220
3453
2968
2732
2564
2968
2580
3523
2611
75 client(s)
2367
3670
3510
11817
3386
2427
4010
2784
3293
3819
2586
2592
3732
3243
2594
3108
2831
2656
3325
3595
2392
3500
2500
2696
3173
3565
2347
2418
3357
2740
2390
2804
2781
2473
2313
3043
2441
2708
2460
3212
3070
3565
2468
2874
3144
3220
2852
2958
2615
2680
3116
2567
2368
2667
2950
2603
3437
2366
2820
3009
2675
3226
2397
3305
2422
2383
2902
2399
2332
2515
2344
2482
3245
3937
2633
76 client(s)
2353
3855
3451
2453
2844
4049
2838
2674
3838
2479
2464
3152
2470
3441
2779
3438
2946
2452
3305
2429
3207
2923
3447
2438
2630
2950
2720
2921
2378
2855
3241
3115
3187
2734
3446
2837
2754
2607
3671
3587
2787
5590
2516
2669
2335
2835
3684
2763
2764
2820
2466
3177
3596
2437
2679
3246
3147
2277
3211
3259
2843
2937
3930
2848
2773
2528
2509
2683
2994
2381
2757
2312
2826
3140
2647
2558
77 client(s)
2775
3590
3196
2600
2972
3098
3832
2793
3467
2499
2911
2811
2365
3844
3561
2718
2738
3015
2684
3420
2469
2504
3330
2786
2464
2515
3521
2592
2991
2763
2348
2762
2343
2866
3006
2885
2602
2470
2827
2293
2619
2531
2878
3010
3078
3075
2796
2907
2715
3296
2734
2914
3208
3204
2705
2788
2313
2194
2951
2726
2248
2622
2678
2434
2938
2696
3278
2835
2521
4176
2859
3026
2850
6229
2499
2832
2681
78 client(s)
5577
4733
2725
2925
2316
4194
2725
2729
3092
3494
2816
2993
2366
3648
3710
2546
3335
2927
2473
2477
2627
3501
2576
2761
3081
2935
2975
3988
2434
2281
2719
2740
2924
2550
2876
2844
2800
2715
3132
3192
14963
3210
2884
2703
2403
3572
2294
3137
2645
2988
2370
2551
2973
2685
2808
2687
3093
2544
2575
3216
2947
2572
2643
2959
2878
2519
3027
2949
4611
2847
2813
2491
2775
2766
2729
2516
2994
2731
79 client(s)
2584
3365
3113
2849
2604
3067
3279
2888
3039
2994
2521
3140
2510
3439
2576
2936
2408
2756
2809
2548
3156
3648
2578
3162
2346
3530
2501
5152
2795
2829
2978
2869
3663
2892
2610
2448
2842
3172
2687
2290
2956
2914
2901
3579
2480
3194
2338
2677
3433
2469
2384
3137
2335
3153
2321
3016
2543
2548
3076
2602
3182
2958
2688
2749
2371
3090
2419
3148
2946
3264
2509
2687
2352
2575
2367
2307
4005
3078
2381
80 client(s)
7940
3741
3462
2406
3444
2711
2441
2989
3166
2429
3191
3034
3131
3040
3563
2282
2684
3552
2962
2723
2982
4917
2256
3092
2676
2949
2984
2847
2715
3495
2825
3446
2480
2855
3808
3402
2871
2523
2824
2905
2314
2875
3419
2506
2605
3257
2366
2548
2806
2788
2816
2368
2251
2521
2668
2600
3071
2912
2951
3333
2362
3554
3038
2817
2610
2481
2675
2451
2235
2331
2170
2888
2548
2248
2567
2342
2533
2721
4388
3187
81 client(s)
2498
3379
2699
2338
2832
2752
2811
2575
3148
3200
2343
3426
2647
2357
3483
2294
2995
2992
2590
3239
2576
2975
2547
3018
2651
2882
2946
2861
3059
3334
2841
3330
2575
2940
2770
2294
2855
2819
2293
3017
2597
3602
2545
2645
2651
2953
2353
2717
3307
2362
2980
2804
2686
2297
3330
2686
2954
2382
3012
3278
2770
2852
2310
2807
2501
2234
2729
2281
2654
2639
2395
2697
3110
2972
2650
2585
2697
2769
2861
2335
4729
82 client(s)
3213
3742
2624
2973
2556
3135
2960
3396
2605
3087
2174
2270
2134
3061
2245
2278
2710
2319
2465
4088
3429
2966
2510
2483
3082
3136
3134
2668
3345
2688
3121
2646
2588
2958
3314
2739
2584
2421
3153
2790
2313
2936
2907
3387
2457
3212
2739
2892
2439
2402
5567
2854
2501
2637
2686
2958
2450
2744
3060
2684
2838
3245
2633
3221
2550
3282
2481
2501
2486
2224
3430
2337
2816
2701
2462
2681
2708
2281
2722
3100
3409
2785
83 client(s)
2532
3367
3151
2505
2742
2531
3374
3093
2512
3591
2552
3296
2699
3299
2564
2817
2638
3103
2634
2668
2959
3509
3663
2357
2590
2632
2887
2913
2745
2738
2774
2893
3276
2547
3210
2390
3512
2365
3206
2480
2523
3132
2806
2514
2893
2480
3060
2965
2435
2474
2986
2712
3160
3224
2716
3009
3400
3198
2590
3413
3062
3356
3265
2321
3132
2761
2619
2746
2490
2522
4096
2682
2873
2464
2938
2639
2441
3167
2394
2211
2553
2479
2772
84 client(s)
2585
3647
2822
3126
3460
2881
2834
2686
3076
2671
3506
3180
2546
3112
2526
2886
3711
2440
3712
2808
3555
2539
3122
3197
2775
4890
2956
2724
3583
2754
3636
3060
2920
3371
3326
2574
3013
3397
2560
2420
3533
2550
3216
2391
3110
3372
3014
3324
3255
2541
3089
2754
2534
2558
2606
3549
2330
2850
3159
2315
3522
2793
2612
3277
3325
2390
3774
2410
2419
3218
3213
2803
3479
2908
2498
2287
2612
2386
3157
3176
2489
2879
2695
2484
85 client(s)
2524
3439
2672
2695
3099
2300
2931
2701
2913
3603
2684
2979
3292
2823
2786
2554
3029
3368
3312
3006
2963
2954
2913
2895
2466
2774
2811
3275
3048
3421
2578
3763
2468
3220
2443
3580
2491
3976
2702
2597
2891
2475
6803
2569
4209
2823
2492
2414
2329
3570
6493
2768
2433
3202
2482
2497
2929
2280
3272
3377
2749
3217
3197
4157
2699
16753
3407
2920
2436
3103
3787
3175
3050
2617
2868
3203
2618
3534
3053
2303
2435
3574
2960
2459
2246
86 client(s)
2381
3893
2596
3052
3462
3745
2530
2465
3258
2419
3116
2698
3179
2652
3090
2530
3448
2637
2531
2700
3203
2998
3742
2715
2955
2631
3553
3252
3195
2562
2937
3171
2348
3080
2770
2326
3481
2622
3321
2724
3311
2535
2924
3307
2594
3358
3360
3442
2516
3104
2298
3067
2539
2926
2726
3286
2562
2882
3442
2391
3181
2282
2559
3233
2511
2927
2805
2674
2508
3281
2362
2240
3060
2303
2718
3168
3114
2539
3183
2520
2571
2267
3048
3498
2597
3199
87 client(s)
2431
5796
2873
2525
2297
2238
2530
3414
3182
2362
3471
2775
3280
2951
3633
2848
2553
2864
3143
2815
2993
2502
3111
2929
3174
2517
2487
3216
2571
3646
2771
2848
2504
3039
2956
2703
3265
3221
2826
2714
2752
2540
2275
2813
2940
3509
2282
3059
2648
2793
2757
2892
2327
3124
2788
3471
2483
2338
2238
2439
2937
2524
2703
2841
3233
2995
2345
3176
3157
2588
2498
2818
2520
2659
3293
2514
3034
2273
2517
2936
2547
2484
3419
2919
2419
2286
2693
88 client(s)
2289
3698
2477
3021
2986
2828
3698
2723
2306
3276
3656
2796
2761
2918
2319
2923
2333
3377
2486
2827
3515
3928
2447
2493
2426
3401
2719
3315
3187
3367
2876
3267
2304
3033
2980
3109
2650
3307
2898
2898
2540
2845
3041
2542
2676
3882
5759
2684
2722
2878
3013
2791
2305
3000
3331
2978
2659
2391
2737
2528
2776
2378
2580
3163
3304
2700
2626
3096
2578
3288
2786
3024
3013
3288
2791
2590
2315
2893
2846
2767
2722
2424
2787
3078
2454
2598
2740
2912
89 client(s)
3846
3510
2623
3728
3525
2568
2884
3529
3087
3384
3580
3037
3763
2619
3337
2549
2914
2710
3478
2633
3304
2852
2530
3372
2557
2802
3194
3672
2581
2432
3177
3103
3326
2349
2958
2367
2286
2841
2836
2775
2910
3227
3477
2899
3326
2541
5256
2988
3146
2834
3151
2904
2409
3245
3062
2853
2925
2813
2928
2639
2341
3506
2789
2513
3471
2916
3363
2833
3011
2279
3122
3069
2818
2812
3166
2489
2304
4156
2304
2442
2400
2402
2786
2892
3272
2506
3112
2345
2967
90 client(s)
3002
4545
2894
2287
3092
2329
2684
2435
2324
21621
3011
2729
2875
2944
3183
4067
3350
2532
2644
3362
2617
2781
3224
2325
3147
3476
2349
2517
3322
2558
2257
2698
2460
2632
2951
2938
2271
3221
2783
3119
2315
2256
2441
2950
2372
2918
2243
3081
2823
2984
2761
2785
2434
2569
3209
3484
3273
3097
2534
3395
2566
3102
2541
2662
2954
2892
2798
3779
2663
3115
2950
2358
3439
2706
2304
2923
2720
3504
2381
3645
3588
2507
3128
2495
2639
2429
4136
2867
2621
2280
91 client(s)
2392
3644
2341
3083
2501
3222
2845
3359
2430
3048
2432
3376
2317
3710
2976
2798
2254
3946
2410
2823
3671
2379
2792
2653
2823
2792
2702
3445
2618
2434
7654
2324
3342
2971
3401
2317
3529
3101
2342
2377
2268
3452
3439
2541
3300
3221
2583
2762
2613
3148
2374
2640
3062
2777
2718
3898
2846
3149
2695
3062
2987
2927
3496
2490
2511
2674
2560
2226
2298
2876
2308
2818
2580
3046
2808
2765
3118
2330
2571
2385
2220
2537
2245
2758
2398
2211
2561
2525
3015
2599
2285
92 client(s)
2263
4032
2920
2376
2323
3661
2538
3058
3288
3556
2822
2581
2723
3453
2642
2324
2297
2469
3238
2407
2272
3633
2328
2321
3338
2321
3327
2734
2295
3135
2994
18891
3737
2362
2457
3541
3111
2661
3349
2670
2487
3272
4800
3227
2397
4081
2513
2289
2300
3158
2359
2313
5239
2897
2585
2988
2653
2398
2352
2854
2364
4594
2744
2765
2487
2302
2805
2758
2276
3026
2511
2374
3228
2517
2343
2695
3972
2441
2579
2951
3499
3780
2333
2360
2410
2855
2351
3011
3057
2598
2348
3561
93 client(s)
2657
3644
3715
2444
2699
3819
2593
3319
3037
2832
2908
2809
2642
3507
2356
3178
2348
2910
3152
2357
2597
2796
4902
3917
2366
3035
3224
2327
3423
2591
3189
2392
3868
2412
3546
3435
2632
2246
2466
2269
2992
3490
4325
2821
17093
2926
3059
2603
3461
2618
4029
3288
3522
2325
3491
3437
2387
3806
2837
2842
2264
2607
3397
3360
2308
3267
2281
2779
3399
2258
3197
2576
3471
3263
2340
2595
3526
3255
2333
2947
2282
2235
2706
2519
2610
3101
2268
9552
2996
2529
2566
2247
2712
94 client(s)
2432
4526
2392
3506
2380
3411
3398
2750
3623
3149
3066
2365
4048
3940
2876
3583
3927
3833
2527
3022
2824
2616
2697
2574
3301
3232
2329
2738
2770
2467
2856
2792
3160
2881
4097
2989
2745
4846
5075
3391
2360
2860
3135
3263
2815
2941
2411
2961
2862
2626
4929
2911
2695
2850
3078
3350
2337
2586
2704
2783
2339
3507
2516
2868
2863
2546
2921
2780
3270
2492
3558
3154
2322
2850
3243
2353
2878
3164
2888
3111
3048
3002
2689
2615
2943
3445
2585
2648
3844
2855
2318
2461
2439
2819
95 client(s)
2400
4231
2672
3214
2325
2993
2295
3522
3014
2929
2792
3195
2879
2436
3862
2553
2733
2302
2796
2998
3161
2881
2856
2664
3404
2874
2376
2799
2853
2718
3085
2562
2473
3001
2872
3233
2885
2830
2542
2519
2913
2986
3047
2688
2410
2650
2672
2673
2884
2366
2781
2506
3132
2821
2704
2533
2641
3132
2516
2792
2485
3028
2964
2687
2618
3257
2491
2913
2850
2869
2827
2729
2987
3152
3299
2343
2556
3486
2384
3991
2657
2910
3176
2533
2745
2778
3742
2730
4809
5011
2867
2751
2284
3539
2927
96 client(s)
3316
3840
2526
8388
16640
2436
2840
3850
2542
3596
2414
3497
2385
3588
2701
3594
3473
2441
3126
2220
3466
3060
3255
3018
2996
3664
3070
2551
2670
2692
3108
2454
3120
3476
2585
3434
3089
2839
2383
3176
2732
3824
3440
2939
2340
2914
3061
2608
3182
4955
3186
2805
2738
2838
2346
2474
3144
2670
2470
3612
2984
2774
4082
3377
3755
2469
3154
2641
2520
2622
3678
3039
2768
3039
2743
2765
2910
2337
3277
2966
3291
2779
3248
6527
2303
3446
3019
3542
2931
2768
4307
2737
2811
2870
2703
2879
97 client(s)
2628
3707
3361
2817
3219
2733
3875
3048
3059
2957
2343
5445
3607
2681
2910
3037
2459
3292
2922
2638
3013
2924
3368
2546
3140
3125
2409
2396
3303
2439
3788
2642
2662
2772
2814
2670
3065
3876
3687
3196
2473
3588
2410
2438
3854
3704
2398
3012
3122
2427
2296
2566
3038
2819
2845
2876
2610
2708
3043
2536
3347
3716
2891
2761
2754
3036
2822
2934
2491
2800
2983
2605
2840
2934
3018
2716
3050
2532
2343
3063
2770
3600
2381
3215
3010
3396
3212
3787
3411
6813
2348
2528
2613
2655
2802
3819
2697
98 client(s)
2684
3637
2584
2568
2385
3068
2838
3057
3507
2419
2848
2463
3282
2819
3806
2927
2441
2947
3328
2900
3078
2392
2474
3568
2382
3273
2416
2567
3254
2617
3094
2710
3286
2480
2968
3574
2375
2448
2873
2781
3063
2954
2977
2773
3093
3006
3422
2550
2504
3081
2429
3009
2385
3253
3197
3253
2358
2840
2532
3031
3328
2668
3300
2931
2956
2998
3749
2456
3284
3218
2787
2409
3005
2595
3225
3475
2968
2697
2970
3040
2364
3001
2404
3200
2817
2424
2978
2679
3486
2441
2376
4538
2735
2963
2798
2853
2447
3458
99 client(s)
2442
4045
2561
3427
2748
2968
2831
2839
2602
3349
3157
2538
2915
3016
3077
2886
2389
2925
3248
3102
3106
3549
2416
2788
3149
2956
3286
3173
3232
2329
3766
2636
2342
3229
3349
2867
3031
3410
2829
2373
2820
2360
2746
2429
3387
3223
2764
2763
2424
2762
3162
3032
2805
3241
2862
2751
2924
3195
3265
3007
3000
3028
2398
2745
2999
2527
2842
3019
2945
3139
3011
2759
2421
3123
3186
2567
2873
3155
2687
2804
2366
2948
3570
2380
3313
2855
2402
2340
2808
5334
3162
2644
2785
3958
2388
2537
2692
2344
2690
100 client(s)
2439
3771
2769
4493
2351
2320
2612
2520
3778
3498
2565
3225
2354
2906
2371
2441
3191
10291
2352
2837
3006
3165
2563
3132
3117
2787
2520
2452
2921
2848
2467
3340
2362
3078
2518
2828
2845
3730
3721
2466
3442
2395
3640
3700
2623
3183
2788
6031
2495
3030
2521
3435
3785
2963
3338
2669
2655
3371
2702
3030
3486
2422
3160
2489
3227
2971
2730
2432
2456
2966
2936
4399
2488
2430
2524
3035
2402
3128
2334
2746
2788
3416
2829
2827
2877
2984
4085
2489
2989
3243
2398
3520
3076
2813
2500
4045
3177
4670
2786
3362
2599
