36779
26208
21435
26472
23596
30921
23346
21096
22666
20960
32077
28425
23610
20723
21359
26951
36551
27267
21601
20746
40153
20143
26435
20849
45603
22138
55884
21454
21876
21642
46892
21644
22456
22781
22084
22270
97604
21277
20315
20161
37463
27057
22130
21965
22048
38243
21026
22805
21556
21431
25817
22095
22031
21753
21204
21046
22164
21497
22472
20841
27219
22109
36341
21867
21267
22900
23522
39952
21603
42429
37490
20260
63870
22801
21435
22392
23096
20538
28891
30935
22551
23480
22861
21296
21136
21893
23025
21188
31743
21882
38559
20629
22343
28065
21481
27685
22391
25836
22260
74129
25735
26334
27267
22269
26313
21485
27008
21572
27340
20868
22482
22590
22898
41437
25878
26325
27098
21809
22234
21462
26090
26395
22250
26465
26640
35645
22232
21909
22232
21228
22084
22075
39990
20703
20752
21266
20852
22800
23230
22303
21236
22641
23378
28525
23119
20765
22877
21146
21594
21488
21644
21318
22415
21571
22684
22410
22678
22543
111435
22287
22607
22107
28473
28541
21448
22438
28453
22117
28009
22627
22640
21394
22592
22804
22560
20122
20567
20219
22382
26783
61716
22721
22260
25534
22597
28600
23134
21661
21971
22431
21411
26765
21070
21670
22001
21932
22222
26678
21364
26026
22748
23296
22423
21483
27948
19936
20356
20899
21805
25561
26473
20493
43925
21304
21849
21254
33892
20722
37837
23379
20536
21752
22284
20485
22937
24441
27007
23346
20756
21866
36710
22925
20328
23124
22509
21656
23329
21117
37563
21496
21213
20092
22893
22291
20567
29875
21616
19749
20552
20348
21618
20730
26476
28113
21795
36905
20566
22041
25841
25117
21975
22051
20729
20560
20512
23135
55462
21767
22096
20565
20986
22628
21540
22548
23106
22254
26678
21032
22238
38304
20797
34877
21256
76162
20794
22737
22862
37206
22238
20902
22236
21299
21369
63626
23538
23324
24703
22630
22331
28713
24706
21667
21270
21261
22655
22126
20937
21763
20756
23781
29208
22889
22865
32086
22666
21715
22072
27981
21351
31677
20563
22049
21704
27723
23013
21957
21327
34142
21548
22047
20876
32497
23908
40943
20264
22145
23588
20512
43395
21510
21956
22041
22346
21176
20723
38237
21885
21405
21740
21311
23983
22428
21638
45229
20715
22229
21880
21816
22273
22767
36298
46940
21252
22095
20623
21808
41930
21809
21144
20465
20795
22772
34342
22325
20525
21385
21889
21571
21404
21018
22114
26650
23131
26632
20701
26076
21283
21034
27305
21108
22034
21712
23801
37775
21015
39758
20570
21786
22175
21512
22592
22033
21065
21228
33406
21618
27944
26710
21448
21196
22397
21878
22206
21639
41963
22537
23864
22197
21495
20033
23222
21429
21891
21685
21196
21116
21928
22549
20555
21731
44482
20234
27938
36704
22754
26023
22071
21563
24738
21818
22404
21183
22522
22451
22735
21479
20187
21768
27078
20551
25176
20807
23593
30886
22681
20723
30551
52490
29247
21688
34820
19922
23772
34813
22015
21191
20079
19350
20672
23200
22036
20501
20626
25604
22902
22980
23858
20622
23918
39139
21994
22062
34353
21199
23901
22858
21659
21176
22339
23095
22219
22108
21704
901846
22840
24943
21711
22614
21808
21511
24003
21987
73198
23120
23276
22662
22245
22013
23172
28392
22324
34895
23419
26084
21574
20425
20849
20106
20195
40392
20226
21798
21153
20162
25557
22553
35055
22192
22526
22238
22127
21605
20598
22974
20607
22397
22199
21863
20667
22667
45708
22400
21516
22022
21404
64603
22361
21920
21894
21227
59428
20043
23516
20408
22865
53141
23018
47597
20809
21909
22068
20778
22436
20353
46456
21018
22980
22053
22343
21841
21437
22584
46484
20640
22116
42591
20836
21905
22167
21666
22595
21957
33224
20525
21688
21241
32557
20899
22553
38297
21321
19955
21110
22278
22507
59132
20188
21913
20307
33861
50976
41778
21829
64517
22563
21087
22455
21480
20297
20462
22176
40225
21705
35981
20165
19491
22029
37125
20351
19835
26785
21459
75150
43689
31616
20016
23057
22952
19591
22402
20652
21984
21646
21369
21612
21892
20614
20261
22319
35873
32608
20708
22246
21362
21480
21641
20987
21359
22154
37974
21563
20980
23453
19818
22350
20940
37116
20488
22654
46389
21651
21420
79667
21618
21164
20129
22619
21204
21977
26702
22025
22130
37091
26072
21408
21123
31749
21017
20902
21189
20235
37579
42024
21391
20590
38521
22996
42721
20091
21654
21364
40465
21930
21443
20742
36690
20420
35490
20148
22275
37928
34688
21299
21331
21174
20455
22811
19917
22163
40454
21960
22380
31720
19782
22163
22699
21808
21525
20675
20876
22277
21031
21980
21369
22884
20601
22050
22161
34520
73117
22350
59389
21754
19734
21830
20618
22739
39329
29608
33424
21578
21631
21204
21901
21313
20523
35822
43634
45723
23417
34005
21236
20440
20630
22992
43974
22731
20740
21784
22812
22452
22250
20501
21656
20628
21802
20880
58322
20454
21064
28203
26270
22099
21305
22857
27420
22074
20805
21104
20637
21373
34576
22750
21024
21426
20882
20991
20533
22252
20019
22676
21583
21916
22413
21811
19718
21838
30568
38949
20030
21154
21627
21108
22419
21713
42206
21031
21864
21579
19747
22941
22016
21781
20999
21353
21421
39881
19791
20232
20802
23060
23965
24089
20885
22127
21326
21867
22834
22961
20236
31634
21812
21127
20440
22955
21207
20891
20731
35125
22948
32223
21795
23486
43121
65228
21132
22089
24985
22079
31795
20731
22484
20994
20598
21440
21185
21155
22864
41076
21493
21814
20505
21040
30099
22000
21837
20781
59167
32265
22163
45906
34225
36898
32457
21151
19927
33572
21142
26216
22426
22775
21423
21152
23201
31226
22158
22274
22978
23035
66325
26670
20400
22458
36423
20826
21038
22733
21627
22363
39526
22266
20439
22090
21294
25186
20741
22265
28142
20425
37506
20638
23119
36479
22516
22364
21328
20612
42944
21337
21195
20903
35605
21379
20335
138842
21527
21026
20897
19792
20188
77417
34480
20553
48476
21716
27167
20260
28410
22254
21889
21997
21045
20459
34621
38467
19705
22018
22285
31375
21390
35468
32448
33801
21796
22174
21638
22289
20223
25213
21364
20672
34489
44190
28354
22708
36427
41180
21163
20919
20708
23285
21671
21338
21556
31434
20056
21426
20875
21317
29986
20420
21625
22313
22697
21788
21097
21890
33650
39562
21601
21100
19726
22641
20451
22474
44169
21727
20168
19366
21965
21768
21149
22116
21744
20813
43794
37376
31608
21383
21783
21775
20585
22109
41194
20916
22869
22220
21161
20414
21420
40716
21641
20537
21208
31376
22295
40591
59334
37819
19788
21045
19912
55305
21923
22126
47833
87138
21413
22768
21717
21197
21642
21473
32572
22007
20021
20657
20632
21509
22741
22865
20826
22316
21618
21204
43835
53071
21029
20014
22332
22283
21504
20722
41120
20835
21794
21117
21199
21523
21520
58483
21269
20565
21850
65296
20591
20504
21135
26722
21182
22635
21252
42565
43998
20443
22423
31510
25732
21375
21417
23242
22372
21582
20788
21400
22638
78102
21761
21764
21503
22409
21703
20417
22587
21361
20698
21410
20927
22078
21977
35930
21305
23322
21356
44596
19752
22770
22150
21105
21215
29093
19688
20983
21856
32640
21403
44107
20313
36222
21328
36355
26607
44092
20184
27635
20117
65621
19746
23062
23202
22368
21486
75693
21269
43418
21391
21808
20642
21643
21343
21355
21805
21317
20326
22933
22921
28149
20881
20128
52991
31733
21304
20948
48816
22359
19932
22354
63202
21991
20477
22885
21108
31478
21330
21190
21001
22120
21045
20418
21851
21194
24076
21787
22264
50169
22042
35920
39499
22104
55632
22219
21240
21289
34341
20038
21020
21200
36327
21774
21142
33264
20251
21925
26550
21942
31051
20469
21044
23279
21108
21786
20691
35697
20479
20763
22608
20304
21874
23710
22946
20449
21677
35949
21029
62743
41698
21823
21987
44868
21136
21087
21345
40963
21003
21499
22009
21973
20397
21464
20214
66358
42374
34575
21310
20340
20002
21715
19915
21797
20459
20083
21650
21127
34430
22581
33352
21178
21395
22599
38290
20303
22313
21934
21388
21124
22382
22499
21009
21084
33430
30509
24663
22502
22452
20933
73642
22035
21751
21596
22264
22258
21283
21548
19826
21640
20509
90513
34963
20531
21247
20095
30087
20817
21713
22260
21164
21672
22826
46756
21568
20761
19292
64950
25002
21999
21184
27961
37248
21849
20162
20829
20692
20086
21771
20199
46172
22323
31863
21423
20855
25291
21642
21215
20474
23705
20211
21894
46806
20992
20142
23201
20183
30981
20678
22297
21245
57139
20826
21473
19598
22050
21085
33602
21665
20400
21017
21964
22313
20410
27354
22317
19661
22547
20015
31811
22062
21812
22115
47176
31811
22481
21721
29268
21387
20297
37074
20245
27338
26189
38329
22316
21525
21669
33302
30890
21608
20544
22308
37788
21123
38594
19817
22110
21478
22144
35541
20921
30027
20660
21461
20502
21575
21322
21077
21261
20797
21148
21723
20484
35246
20512
21891
33701
21341
21036
32267
21784
22124
35058
22299
20802
21552
19888
22087
20099
21277
26832
19971
21900
20437
19786
21792
21007
21125
22254
29345
21370
21810
20848
42978
20437
21122
21590
20684
21224
22747
22199
21422
34734
22170
22307
21447
49285
21449
22042
21329
48715
20934
51865
34784
21727
31670
48291
34513
39555
22417
21450
20695
20056
22857
21414
21700
22518
21811
23295
20513
22462
22488
20650
19891
22147
62984
22420
21715
20341
21945
22537
21084
35665
23091
22313
29055
22454
21607
23409
31955
19966
20051
21574
20060
29593
20650
23348
22109
21584
21979
26717
22721
22653
37750
22087
21106
23132
22028
32691
20876
21728
22419
21950
35434
21018
37457
22455
36235
20964
22043
30762
22972
23428
31190
22269
20475
22322
23062
23274
22037
21339
21154
21303
21241
20914
22515
26297
26835
22052
21096
23929
22107
41783
32103
20960
21662
30860
21670
21353
20657
22825
20463
22341
22234
31724
21345
32447
21962
22556
21392
21358
23270
21736
21999
20670
21333
22791
21827
28436
20966
21995
48782
23816
20411
22468
22497
38935
22302
21686
37445
20130
22476
28750
21847
21921
21930
23049
20838
22401
21137
22071
21217
22901
22305
43904
22022
22397
20780
22971
34124
20934
22897
22569
20999
22563
21849
38353
21465
22619
21083
20757
22277
20897
22104
22810
20689
22023
22003
20524
22634
22555
22387
22063
21560
22815
20127
22414
20626
22324
24650
22568
21131
21778
22498
21492
34244
23018
21463
21182
20359
22859
20894
60279
18865
43771
21726
22411
35291
22679
20972
21899
22249
21533
21320
22205
31650
29589
56795
21558
20949
22682
21402
22523
30369
22243
22336
22566
22270
21299
22434
46874
20596
22601
21915
23336
42088
21151
37580
27760
22766
22683
30201
21085
29835
23381
20329
22851
20629
22613
21787
22491
20591
22184
21332
21232
20032
27267
21818
42468
23017
21632
20488
22119
21928
20708
34869
22782
22760
22271
20729
21820
20040
35856
60069
23091
21292
22713
43435
20519
42896
32767
29528
20646
37964
20690
20626
22583
21807
20264
21373
21844
20920
20459
30904
25257
21703
21449
21597
20620
21707
84037
21100
21764
32847
20675
22287
22474
19859
22571
21635
34345
20842
21961
21385
27060
20992
20451
21441
21616
20899
22544
21735
21083
21935
22616
21444
19913
20583
22957
21022
21455
21890
38884
21309
22389
20723
21664
21306
34023
20291
21638
22094
41160
20832
21984
21291
38881
21182
47698
31554
23052
21849
21569
21269
20096
19717
20547
19284
21245
20567
20578
20821
22232
62194
21698
21845
21574
20023
22094
21283
22847
20832
20772
21282
21384
41201
21124
32489
21528
22740
21361
21698
20766
21572
22088
21271
21945
21172
20660
21428
21921
21412
21938
21159
21243
20929
22148
19581
30152
21022
70426
21151
21861
20348
21954
20136
22708
19947
22049
22268
21554
20230
21482
22076
22437
20997
21528
21810
21685
20263
21659
20474
21827
21244
39353
20505
21472
21279
20248
21443
21174
20805
22142
22061
21627
20879
21224
21115
21841
21464
21233
31508
21429
20736
22221
21403
22211
21717
21647
20996
22239
21733
31100
19603
21661
21142
21941
21183
21659
21196
21206
20046
43013
19989
21482
20003
20498
20351
21930
21910
39560
22416
33799
66269
33595
19732
23055
21743
21921
21893
22155
20320
20659
22186
22714
22385
21650
21910
21874
21458
21868
20261
21559
21435
22385
19584
20508
21600
21374
21949
24600
21032
36817
21607
21014
21122
21972
20417
21690
20713
21989
21076
21189
21766
21723
22380
22489
20792
21531
28104
53022
20884
21750
21660
21702
20229
22342
22125
22050
20622
30097
21765
61221
21539
23959
22286
20408
20788
20646
21352
22247
21719
20783
21014
21897
20671
22853
23064
23081
23705
21416
21571
21016
21565
20257
20659
22522
20688
21982
21422
22973
21624
30114
21599
21997
20697
21711
20330
21181
21630
20637
21505
21444
21609
23919
21419
20546
22468
22268
21835
30833
45803
20699
24003
30941
21399
31598
21089
21520
60039
21725
21116
22909
21362
22520
21252
21357
20703
22048
20458
20962
21428
21836
21012
22905
23235
23238
21595
21758
21510
21300
21622
23177
21928
21346
22427
23255
21106
22737
20543
37597
36038
22095
22574
22900
22552
20706
21546
22677
21665
21807
21515
21795
22068
21988
22473
36646
37456
49336
22406
22161
23015
22283
21131
21865
22946
52063
21822
21623
21425
22652
22102
89534
21367
37471
22092
20795
21884
21059
21739
21120
21363
26462
21379
22111
23504
21859
20595
22129
35323
22392
21425
22899
21537
23104
21724
21353
21612
20655
20948
22933
33547
21998
20614
22020
21712
21870
63097
20345
22290
22590
21802
22400
21677
21903
21843
21409
21544
21994
22344
22100
44715
21623
60419
37607
20390
31591
46133
21622
21252
19975
23267
22391
21819
21945
21475
21826
21412
22001
20416
21662
35099
39066
21636
21353
21843
21863
19942
65038
22155
33927
43518
21794
21712
46086
19869
22968
21751
22114
70032
22542
22228
21705
20498
32737
22504
20820
21902
22343
22464
21499
21340
22113
21740
20775
41767
42852
20576
21424
20088
32050
22931
22412
22307
45813
48632
38654
20792
40223
22241
21737
21776
22535
22820
22730
22039
23225
22095
22229
19967
22133
20875
22311
25168
23834
22059
20883
21532
21781
50556
22458
19935
21929
19942
26722
22462
22333
21438
21851
21755
22045
21423
21706
23442
42234
21249
21142
41098
20651
21734
22050
22044
21217
21710
22678
21535
49026
21376
21265
21486
23123
45272
22700
45434
21779
22002
22057
21430
21503
20359
22614
21640
21394
21127
23818
23215
38807
36942
21933
21255
59398
77685
32330
22594
21242
20671
22263
21521
20641
21286
22694
23135
21839
21668
20702
21296
27568
35208
22451
21680
22286
21474
21471
21999
22214
21325
22252
22018
22072
22163
21603
21774
22122
22145
21773
22063
20593
21242
21758
48622
21935
22443
21474
20067
21368
21505
21373
43553
20906
22196
21948
21781
21576
22139
21743
47533
22067
22847
23304
21904
68365
21971
21301
38205
31206
21366
22516
21823
21307
19972
21044
20936
20255
22351
21647
23609
26284
22181
21877
21980
21223
21052
20929
22059
22471
20736
21645
25373
22331
21457
21185
21151
21144
21963
21455
21032
21720
22283
20880
22361
22421
20772
22642
21525
21928
20772
20593
20042
22455
21169
21553
21938
36322
21313
20875
21445
22752
22014
21524
22338
20672
21466
23508
21774
21497
22262
27766
20138
22406
22373
23107
36325
20677
20218
54076
22183
23680
21204
20707
21488
21408
22494
22497
22388
21713
20682
20348
21945
24342
21955
22392
64167
22768
21996
