1 client(s)
2283153
2 client(s)
2861926
2876243
4 client(s)
4228783
4260802
4532509
4672499
8 client(s)
5364664
5536391
5663054
5944406
6188459
6360246
6518989
6409797
16 client(s)
4573273
5367221
5811164
6552046
7108838
7774604
8122448
8854852
9042901
9141565
9620905
9782518
9882694
9920115
10567956
11521309
32 client(s)
4180620
5280225
5845776
6212048
6284615
6632614
8051355
8115006
8697590
8834908
9221143
9820980
10699929
10838424
11127905
11774425
11883340
12814622
13611378
13180644
13750090
13428017
14249241
14521469
14744161
15589957
12960346
13390732
14594609
15207397
15828855
14999397
64 client(s)
4978002
5332473
5907478
6306205
6741004
7811924
7912291
8193890
8800124
9695269
9682367
10173265
10707820
11216435
11829064
13073302
13062579
13522398
13556803
14082941
15203045
15623725
15769349
16448217
16787811
17278458
17724489
18262367
18669486
19406174
19703886
19802492
20435155
21105856
20849949
22233493
22599292
22990593
23071081
23986707
23652462
23812561
24797098
25374390
25602932
26533845
27116467
26677912
27676272
30444873
28529364
28591161
28713218
29866751
29129415
29627334
30433932
30523721
30499716
30783015
31008294
31157919
31241449
34363068
128 client(s)
4281624
5340032
7091942
7267733
8094324
9213650
10200732
10983472
10973436
11615484
12055851
12164512
12148435
12621239
12885242
12976969
13592435
14196608
14593418
15435176
15770168
16573819
16828970
17296785
17780337
18246350
18863866
19450592
19819554
20327448
20959980
21391116
22420278
22663998
22667949
23259413
25100246
25248811
25404109
25484646
25775849
26222557
26938513
27426635
27982539
28654287
29175599
29696502
30094592
30182174
30269631
30209605
33145996
29164799
31954983
31048649
31693913
31699564
31566807
32092868
32776431
32163089
34671580
33540507
33573281
34109485
36885038
37633896
34947767
34730509
38751166
36598967
36422316
36950103
38673418
37540281
38892204
39519713
41470964
41698034
42266850
42975355
42904454
41030916
45627411
43051338
44895158
42069795
44621630
44523715
44952289
45332162
46482070
45442482
48241427
46193729
45268448
48044393
47095217
49996591
47686048
47548642
50303478
51044086
51160812
49106458
52543706
52864231
50308837
53320998
54478188
52454086
53254186
53018617
52617804
49609754
54144155
56165545
55488363
56854063
57652083
57924326
57933028
55126605
55292809
55294819
50992331
51465006
256 client(s)
3780628
5166404
5758917
6342586
6317323
6625837
7173258
7794714
8279501
8730925
9074848
9614807
10351229
11452909
11881168
11939137
12263065
12270826
12641183
13523331
13743326
14163331
14215513
15533256
15482430
16042171
16313544
16376089
16411730
17280749
17709287
17721758
17946947
18291916
18660762
19069460
19697673
19914794
20356614
20835883
21349788
21488151
21737015
21976101
22614325
22843848
23875282
23667527
23942879
24294488
24844547
25371741
25755649
25512320
25727791
26354828
27293318
27363877
27526655
27275834
28167258
28795976
28439300
29089055
29948518
30590492
29726639
30599983
30623207
31455839
31076442
31816690
32065815
33505125
32635945
33743157
33267202
33634326
34263751
34414920
34708284
34881136
36212937
35099800
36150316
36148753
36976105
37278309
37145233
37809784
38313759
38109160
38609472
38586637
38922621
39323455
39769185
39800272
40919307
41193178
40864913
41847308
42441326
42543633
42976396
42929491
43481544
44076963
43841027
44810437
44633650
45554910
45708701
45895949
46278982
46673565
47208225
47485897
47048508
47731607
48030906
48560313
48600956
49210902
48897855
49431549
49783968
49194130
49995011
50568459
51075086
51261335
51344511
50791619
51593643
52280070
52939325
51875232
51607492
52319555
53753677
53321227
53711311
62478847
54123512
55216888
55314819
55277256
53724790
55929225
55539762
55520879
55465204
55572468
55637483
56614425
56838198
56141780
56944211
55846654
56220725
57169182
57244278
56306020
56645764
56720277
56821578
56146010
56689151
57410386
56007174
56162146
56049129
56560982
56779694
56439528
56201074
55562875
55692599
55982330
55536839
55159461
54193567
54987830
54323509
203202226
203804943
206469242
205674541
209354706
208025698
208199040
206838544
209963288
209795475
210871874
210323483
208345258
206005742
208240775
208359078
206567123
208651744
206157273
207454072
206414434
205350727
209225171
1008161102
1011534606
1016584593
1014931047
1009208932
1015262052
1021382532
1013084962
1021627527
1016174054
1018353814
1019760893
1022603741
1020505582
1020875551
1017598084
1022033274
1020194378
1024852673
1025581846
1027591216
1021048853
1019671938
1018901950
1021565780
1022650725
1029413561
1023817658
1027996218
1024131409
1026131357
1035092302
1026989333
1032923430
1027729549
1027764893
1035108910
1030431180
1037254665
1029901367
1037680490
1030910950
1032620878
1039987446
1036861004
1039968983
1039664203
1033391812
512 client(s)
4829957
4998775
4964441
5274885
5716315
6334365
6944496
7313971
7842328
8404653
8823091
8984595
9518265
9746308
11061711
11256942
11566729
11533968
11992073
13089479
13019709
13127209
14672291
14574287
14330972
14793579
15969591
15893208
16663114
16406011
16928101
17583277
17807821
17756226
18930363
19352595
19563477
20565884
20727994
21167733
21212924
21487053
21797202
22709987
22868658
23221576
23947030
23992800
24385331
24887207
25830498
25740527
25672485
26600647
26551711
27998284
28240658
28592551
28291725
28539004
29406005
28818183
30275092
30314924
31078159
29530876
30107454
30658165
30650347
31554905
30911410
32049363
31341617
32145184
31871779
32383321
33141336
33579031
33894300
34197758
34740761
35109688
35002372
35647863
36086387
36563440
36812409
37787888
37179342
38069225
38276628
39359757
39700067
39945469
39030851
39988376
40618179
43382540
39853558
41301419
41623312
42927478
40974368
41727472
42257499
42459219
43108185
43365605
44195257
44754425
44582613
44603922
45749931
46143390
46479013
46659217
46654740
47219376
47434415
47671264
48078425
49117693
48759420
49204166
49597280
49671046
49414776
50381485
51125663
56536036
51575661
52344412
53593795
53420180
53061927
53024738
53564487
53884415
54507249
54485224
54305446
55453622
55693010
55456200
55577065
55902786
55649421
56526674
56889222
57090845
57437693
57966969
59121861
58791296
59693158
60096894
60787437
60952718
61727194
61064359
61856214
61913579
62356877
61312632
61852679
62837595
62203633
62764349
62771461
62852293
63243097
64068516
61203287
65124262
64357880
63786221
61921282
65754269
62666487
63796398
61033191
62552763
61080024
61391779
61777784
60523983
61152667
61377286
60993191
61112779
60146803
60955443
60966502
60355694
60626510
60946057
61516904
62045505
62813283
61972312
61915698
61994694
61864199
62186760
60729990
61460691
60198179
61731866
60815809
61152375
60453037
61752454
60460466
59248956
60034840
59803457
60603736
59987572
59644297
60209203
57792756
57594106
58697785
58967066
59107652
59710534
59236640
59816041
59847766
61438194
57851008
59343198
57930312
58582568
58741221
60055990
59951972
59440463
59813232
60168140
59399989
59080228
60382863
59606192
60307662
60279990
60261456
60199470
59207457
57945842
58455210
58995524
58568658
59071386
59272185
59435075
58752502
58747807
59315471
58280983
60458488
58698266
58922936
59211367
59045625
59726456
59005376
60268702
67319426
66546474
66141968
63707268
62942352
83938349
69632747
69011504
64880532
68879854
69817447
74608998
66016776
75243018
80597732
79836552
77164333
79455415
88207317
78817788
84952904
83370188
90509929
90646038
83742796
74428743
71488728
91106305
91635789
82048110
71186455
80039307
202921352
207011878
206282323
205979597
207563812
207374462
205344903
204488405
205750829
206854724
210335320
213340408
206522663
208543040
209954637
205425971
204797483
208916822
208095140
214718352
209013521
208357558
213046628
217864700
208771148
211040324
214453700
218157853
213005253
211707691
213529313
208342562
205249685
213170356
213147938
206850837
210614234
208737427
213444215
207043449
206995172
210126039
210557881
217368887
206453498
209546744
210345513
219451847
219161489
221821931
218739658
220961032
221406001
215895807
217523501
231671498
236564959
229786902
232013323
237030208
230225087
237938016
233555383
230765940
232114279
226927835
240678618
231959114
240125176
240743246
240629135
234035174
231220629
233411381
230880299
224187880
243652329
224150950
244941933
238184428
240100214
245959791
244515951
1016777784
1008562482
1011177531
1010000827
1011368057
1018841858
1007859630
1012247225
1011819226
1009135660
1015036828
1021856988
1015846973
1021128361
1021721754
1021752642
1019512570
1024514297
1020289896
1022411853
1023768849
1018399960
1023774556
1025184016
1024045445
1024557382
1025413474
1027888026
1036745609
1029180428
1036898967
1028329419
1031100414
1038046728
1030037746
1040040560
1038821969
1031452486
1039482479
1032335958
1032703943
1033615112
1041823556
1039082424
1043116370
1043010678
1045421977
1043953273
1035623456
1035171696
1036377239
1045304936
1045222831
1038641683
1037557322
1045408940
1045786405
1043868670
1046747830
1045260485
1056852602
1047822554
1037537410
1058527753
1037451182
1049244430
1058611729
1049677878
1054393646
1047014014
1062180244
1055718285
1047735235
1055259441
1062593027
1047931489
1054462490
1063074677
1043941960
1063647380
1054519069
1056363314
1055271560
1054878806
1050607357
1046256910
1050368376
1053415144
1057969135
1052328415
1057536467
1049887719
1065738238
1069363625
1070308737
1069890204
1064925036
1054276941
1071717493
1058775510
1062772067
1073368365
1052804278
1057790022
1053432733
1064936140
1061375127
1075233554
1072024372
1064840743
1076359350
1072029954
1065371462
1057926038
1078890357
1068724638
1065053459
1069688808
1079468337
1069682070
1065382934
1061018734
1070159121
1072762787
1077225960
1072063280
1076128757
1070343064
1066962120
1024 client(s)
3967305
4939624
5513999
5522079
5831502
6249547
7242395
7325502
8142235
8514160
8829112
10026692
10007795
10257349
10302724
10746852
11294290
11725536
12099602
12498497
13191146
13322242
14540589
14378767
14702603
14699498
15402382
16299874
16330098
16635317
17122968
17824467
18208460
17999954
18790957
19498927
19241435
20183424
20404390
20551771
20472784
22061582
21859377
21998275
22451670
22650160
23620621
23608241
23522769
23772113
24635476
24839239
25462481
25909707
26551621
26897899
25315657
26799264
27784223
28084699
28077835
29362072
29031973
29313748
29410576
29404129
31694531
30429639
32099259
31354286
32242708
32098237
32059912
32153000
32213851
32853555
33484194
33608986
34106183
34370111
34432701
35181961
34610876
35341386
36036828
36933151
39684598
38001549
37702768
38026971
37812842
40149439
38186599
38593373
38946149
39946432
39752350
41157062
40920602
41005660
40912892
42223700
42440026
42327769
42013031
43235609
43652119
43889562
44168652
45307620
45053024
45117550
46492128
46536729
46924232
47490678
48077288
47333103
48140188
48326622
48675220
48570464
49110856
50093072
50670969
50474146
51498092
51475421
51896685
52176827
52354926
52607430
52700631
53051494
53868568
53359244
54609585
54130805
55294834
55182693
56320354
55569568
56219267
56358415
56588374
56797213
57668441
58583941
58082008
59129001
59021384
59378288
59906538
60236139
61027234
60795223
61227815
61573906
62324384
62364389
61649400
61768207
60724035
61698304
60358604
61319148
63460749
62153018
60529393
61934653
61356115
61703517
61707217
62040692
61832350
60292957
60780463
61313805
62556616
60749260
61285371
60287571
60545673
61556207
60518708
60903424
60743974
61961977
62384667
60022784
60824245
60605881
61165227
60646468
61189185
62037255
62223145
60707791
61997639
62001677
61350996
62374215
60517304
64555961
59762035
61423430
60119486
62566266
65401807
62570475
63831739
60629951
65314096
62331850
66294831
60199813
61147905
63837073
59845150
66793282
60389238
60391024
60232296
61503150
61033634
60362995
61337025
59954633
60230749
60851471
61399268
60604374
60177328
60387968
60765205
59922855
61552764
78049237
60418449
60433266
61722549
61143995
59821435
60527115
60777849
61584623
60958868
61167700
60403207
59982380
60093438
60426641
60038768
60777624
59855971
60540328
60611842
63132589
61385093
60064697
61481172
62455062
61787753
59891533
61089810
61177124
59435703
60475015
59581934
60475334
61218573
61829453
61709326
62367744
64177032
60798872
60215482
63266966
63939183
62095558
62630809
61698611
59148575
59946977
60621854
60438588
60096410
59942395
59845836
60257570
59951329
60446231
60605197
59907309
60231255
60296964
60049777
60242433
60137338
59742873
61003536
59727544
59218059
59103145
58986130
61573463
59796174
59842819
58022033
59790182
57965891
59086634
59348078
59027346
58972895
59326991
60165921
58877943
59082109
58216113
59023595
58962178
59525974
59210868
58801990
58927645
58360249
57943443
57611933
57915513
58464582
58169515
58798297
61878735
58982232
61332397
59237204
61795951
77259274
77673055
78544363
76337328
69315022
72770670
70935288
75265172
76302832
69030900
74231508
78171975
78014260
75451492
65855596
77412043
72357015
73916445
79314063
80814764
72783692
86764506
69764282
76980705
69187085
64446791
61443411
61761427
61637658
61375219
60883917
61359381
59262775
61079738
59495154
60272155
58295545
57198131
57916879
57990724
56809486
57479214
58653093
57499716
57358797
57048209
57317119
57808057
57835320
57390088
57213654
58746001
56480694
58903825
57434344
56917187
57600262
58344423
56177460
57261538
58748749
56623208
56975625
56950059
57358368
57487221
57716743
58180318
57582988
58541479
57321439
58448670
57643058
56067621
55602741
55988541
56124795
55404057
55868901
55798102
204870827
206983502
206498006
205272948
206401978
207418438
207180981
206964059
204280166
204568589
205551117
208226762
214446790
208507627
206447725
209090720
212999378
210142290
215180949
211202853
214218608
207808044
206718544
209132182
210482097
209998934
209842888
211764378
210055128
211979275
210439817
207762787
206734633
210322019
211040936
213870865
209562394
210556519
210075138
211125105
206991754
206995902
207523207
206925628
218850531
208467325
210838406
208346428
211263873
210752819
212916345
211409850
217078173
211015564
213036901
217740568
212291707
209003921
210064015
214225288
212053560
211018242
218752114
212896314
211782615
212064076
214025653
212593710
215420875
213899376
214751266
216371483
217992878
215145868
216669500
217265748
218885866
220164513
217258115
213869522
215410948
218210205
219151300
221330950
216141425
219622903
221432960
219180221
217526455
223048316
219154841
220185816
219664592
224647471
225381594
223842386
225605060
221901485
225397786
222498356
222505563
223447281
226950019
224096544
227303626
224695881
228788419
226044457
227175242
226670945
222994220
223511441
232467287
228626814
226630448
225311479
222294563
229048451
223269102
221991894
228626526
225090979
227935859
224812360
228200787
226069292
223417749
222138204
222525459
228762232
224138933
223228704
223141197
224046909
229125288
229122392
224050707
224907326
225932391
228436027
224901530
228057143
227264161
224974476
225838136
226014617
227461866
228810060
226592401
226151989
226872022
227168311
228121595
230108311
228907456
228813172
223457057
223419744
223414864
227562898
218250749
219331523
219516895
220312201
220090665
220468972
219423251
221024890
220692056
220050537
220411498
221071583
220878661
222659206
221052583
222408031
222017764
223264241
209586069
222710037
223640478
216459355
214209618
220680449
212242437
219097468
212998328
230604945
228799387
217072325
229197272
227724355
217871273
228784576
221580710
219749918
232749091
232716542
229246345
218419548
219506419
232680126
229778879
220166279
230046135
231458492
228623966
236777169
222550789
225480238
231769282
240473764
224352672
238329069
234499350
235590997
227633107
239133403
240511399
214822701
215178790
214364964
217411132
217191828
220596379
215852951
217095975
215188158
211120806
213875106
220367537
221809891
212856851
218965811
214127094
224928245
223202676
217646772
216308341
218328390
217621315
217135832
215930930
220193151
217365454
218996806
217835670
218776006
222172565
218857464
222671763
219831738
220992607
214000337
214212660
217211197
217934157
212859110
216474360
216723552
217427200
212948686
215985300
216597853
213594219
221488519
222740706
221310517
219728374
223220869
219356272
216104931
217499004
219941431
217581755
215637968
216191778
216517871
217084187
1011242043
1006240880
1017949147
1016528365
1007408691
1013868687
1012418781
1009402231
1010130382
1010534468
1012946898
1016251006
1017069466
1020855110
1021521701
1017260428
1018222924
1023268061
1023843515
1015186674
1019663755
1024066827
1015595093
1024333834
1021366592
1016807454
1019615247
1017506706
1022619183
1027800237
1026960812
1019759478
1029774775
1020000665
1021428981
1027733735
1018827598
1029139179
1020428195
1027503841
1028825189
1030277285
1022033813
1022208323
1030154302
1030239766
1022948228
1023198707
1031146569
1024656986
1033496664
1024527512
1033168775
1032050959
1024470980
1033259839
1021761673
1008078505
1025421118
1032593710
1013267637
1012952493
1017572059
1014699565
1038612061
1033766049
1038863974
1028771033
1040083725
1023045235
1040883099
1013533575
1019257501
1014989429
1018142349
1014591335
1029056850
1021867832
1020274832
1037332536
1037434255
1034735967
1027798775
1025492113
1020143463
1019023835
1021455344
1018239714
1019934161
1023442783
1025477104
1029053253
1041392756
1025763202
1026526020
1029977902
1040360795
1037543967
1028699013
1037024627
1046219686
1028058159
1045864336
1052687265
1038615010
1037692670
1039379879
1049305203
1051289618
1043906042
1039523978
1046055986
1033600816
1039590142
1057825505
1056293697
1051586556
1047745960
1053930167
1052042910
1056202260
1056163707
1056097561
1034270374
1063101442
1036742214
1055865252
1063375598
1050887772
1046893658
1064179654
1064116093
1064129940
1037736813
1059259608
1056201341
1066306065
1056256635
1062923241
1063288559
1041101248
1059147758
1051603556
1063026139
1044717437
1062972875
1069420393
1065719739
1071069960
1064154566
1070821991
1069227885
1071707910
1067817164
1067717877
1073654049
1069146410
1074790384
1075439798
1064876898
1065731681
1070035011
1069387331
1033698358
1033187434
1034285683
1042508433
1042212162
1037001720
1037329516
1044164799
1038210974
1045045130
1041671909
1037274515
1049108642
1030982010
1038513217
1046303243
1045402223
1041875278
1042047523
1042526150
1008124870
1006817023
1013757093
1017405010
1020780269
1009865312
1012444982
1019596473
1010434783
1013457449
1017266634
1016672438
1045438359
1022641693
1014195523
1017965588
1021140402
1019671743
1022541406
1023159757
1024293626
1019827088
1038677491
1017883582
1024979115
1021167230
1022521773
1058802429
1062790117
1031143153
1021578267
1028197686
1058064913
1022921630
1023246325
1033137523
1062137166
1041263470
1027703382
1040829581
1056140363
1052386267
1060815370
1034596969
1053480871
1055607293
1059494862
1030402753
1043383751
1032028553
1037511366
1060819374
1068241972
1075998606
1067730618
1062026167
1072592535
1072935714
1064076032
1070120660
1062628726
1072675642
1069953616
1070213449
1061683184
1066446187
1070038298
1062617594
1048916320
1073161043
1068039249
1081464148
1053533577
1064447335
1070298740
1065304324
1066604898
1071721241
1045290991
1080546308
1069237953
1075934885
1043577680
1079871640
1081816721
1041415839
1078376742
1071718924
1049950356
1082567966
1071909988
1058517640
1074305652
1088241085
1089988590
1054192355
1073980610
1081270458
1087702405
1074534258
1082015523
1062216963
1083673643
1078508461
1093447988
1089839659
1059112777
1077435039
1094816071
1077719307
1084575790
1093139876
1097458949
1055737820
1099152976
1062106275
1093800546
1069561036
1069907490
1086729000
1058691689
1094280047
1065276020
1095302503
1067348382
1071861478
1074577699
1073126214
1052223910
1066869177
1053371073
1053456465
1053728377
1052431718
1055039393
1054874029
1054892600
1053727272
1055709676
1055750675
1055953401
1056064164
1055744510
1055613214
2048 client(s)
3629505
4436351
4774891
5673401
5992910
6260310
6667526
7191320
7598461
7704093
8697552
8880381
9135700
9294899
10388098
10549020
10326368
11061519
11533263
11790566
12782165
13128127
13351198
12992053
13672860
13855335
14898935
15116977
15048970
15529132
15729669
16624117
16569297
16757818
17263951
17633923
18328158
18295199
19087974
19442315
19616288
19703997
19932385
20312136
20837726
21745151
22432548
21885066
22674829
23164693
23011608
23766559
24357803
24318778
25166366
25603346
25203671
25566923
25650898
26101482
26380823
27166601
27596557
27572772
28312961
28651364
28808000
29096340
29271034
29632545
30195776
30438377
30989516
31388525
31734807
32270245
32198541
32404767
32930735
33769612
34218103
34346203
34521307
34902704
35197238
36092522
36451698
36843597
36407128
36835366
37486442
37609366
38040362
42153775
37904064
38626484
39433493
39113395
39121701
39581599
40227674
40267687
40723366
41270892
41441855
42024298
42018616
42357580
42611724
43083628
43482401
44396868
44787424
44405816
44969654
45272868
45434165
46321965
46160301
46429704
47427589
47302177
47777049
47921281
48467499
48754436
49160040
50125031
50136061
50388886
49950433
51829694
51630136
51891234
51718594
53692927
53211435
53177941
53913308
54007363
54405568
54923867
55496280
54190797
55066046
54841906
54689929
55680651
58213480
56195099
56406528
56862948
56588896
57546560
57543135
58589990
58926488
60397833
58877102
58613099
59459334
58879540
58372367
57309577
57412728
57894725
57048030
59125609
57803891
57328650
58049510
56645137
57459916
56864159
56845745
57373646
57544311
56663385
57568845
57356369
57254930
57125036
57992711
57581345
57200893
57461144
57103407
57401457
56956432
57201375
57388564
57548101
57565549
57608892
57176805
58368996
57714320
58899432
58316098
58587660
59398087
59139782
59654935
59385124
59223702
60712004
59741485
58759956
60511587
58992316
60551522
58773305
58903021
59960144
58980768
58822690
58964642
58238495
58608329
58447835
59121713
59316446
58190286
59039622
58195367
61040216
58041939
59035480
58243756
59845237
58583437
59217589
58660919
58931470
59644242
59731424
59754955
59721960
60085876
60485418
60460400
60366671
59125348
60102708
59863517
60727575
60656047
59836548
61127128
60483561
63349999
62005851
61169187
64428338
61263407
63839641
62528397
60888122
59409486
64856122
59253286
60288500
65637422
61922995
59340684
62434136
68734596
59858398
60069042
60135547
61224666
60272150
57819386
58202809
57642864
58345752
57561738
57946284
57229305
57457551
57172943
57566319
58085835
56545578
57411195
56742504
56743465
57171341
57226666
56489572
56576956
56417047
58476430
56629176
63403408
56906684
62322814
55801440
56011317
57159184
56436535
56413971
56414309
55527598
56913324
58520332
56967183
57439245
56757485
56183181
56294949
56426692
55761347
56070897
57150937
56984181
56518789
57696185
56891652
57915815
55893565
63957316
56673563
56116475
57163132
55778101
57966357
56039182
56627210
56380772
57219858
57212234
62940194
55882550
64898188
61740068
58805316
58162116
56005412
57138841
58751594
55897716
56908175
56474169
56432280
57761949
56858559
57056041
57855850
58129737
58138346
57214790
57416779
60584299
55879805
59288060
56298246
55856618
56568342
56013558
56499382
56110143
56525600
56536008
58834879
57816652
55791963
57131301
56341163
