10070
3831
4293
4006
4041
4093
3616
3586
3328
3366
3580
3666
2524
3586
3002
3065
2633
3749
2605
3597
2587
2639
3191
2636
2718
3847
3012
2780
3554
2664
2933
2578
3600
2665
2802
4047
3670
2775
2749
2358
3027
3892
8273
3906
2601
2849
3278
3718
2868
3428
2680
7396
3173
3294
3129
3326
7126
2797
3184
3444
2710
3495
2502
3318
2794
2921
2892
2911
3122
2996
3234
3106
3044
8790
2762
3987
3229
3164
7499
2878
3431
8864
3523
2517
2878
3702
3263
3655
3343
2766
3423
2660
3600
3982
2739
3083
2898
3134
3717
3242
3477
3769
3223
2918
3584
3036
3311
6834
3801
2594
3341
2994
2847
2801
3450
3055
2923
2797
3533
3263
3206
3148
3377
2755
2881
2996
3209
3264
3169
2546
2535
4109
2965
2470
2765
2833
2813
3533
2648
2583
3461
3366
2915
7861
3087
2570
3846
2994
2817
2729
2960
2650
3478
3449
3543
4384
7269
3558
3517
3258
2950
3751
3165
3316
2978
3386
3156
2814
3676
3828
2952
2518
2988
3315
2995
2391
2747
3369
3010
3405
2901
3439
3871
3066
2790
2678
2618
2660
2469
16301
2555
2708
2740
2654
2934
2849
3333
3060
3518
2827
3004
2621
3372
2826
2519
6870
2847
2980
3640
2864
3711
2832
2703
2937
2415
2521
2820
2478
2725
3235
2667
3204
2718
2870
3377
2567
2966
2882
3007
3603
3457
2771
3280
3193
3370
2815
2741
3544
2774
5377
2758
2946
2638
4612
2842
2517
3329
3041
2559
2515
2984
2585
3152
2990
3475
2827
3389
2984
2748
2611
2628
2505
2417
2612
3326
4016
3548
3593
3069
2752
3194
2928
2629
6607
3380
2803
2994
3261
3629
3436
3660
3199
2804
3482
3325
2693
3055
3294
3390
2721
6636
6943
3161
3040
3557
3644
3261
2613
3271
2716
3545
7421
2608
3238
2835
3527
39110
3477
3031
3269
19661
20962
3157
3199
3072
3176
3585
2605
3581
6791
2955
3432
2604
2917
3363
3001
2676
2686
3228
3689
3579
3057
3065
3338
3121
3532
3698
2730
3658
3003
2495
3514
20958
3259
2681
3464
2646
3262
2697
2317
3077
3235
2856
4792
2775
3194
3172
2961
2639
3490
2963
3438
3360
3274
2818
3063
3331
3701
2695
2534
2520
7459
2741
2749
3296
2743
13898
3447
3166
2371
3600
3207
3365
3268
2643
3609
2840
2807
3537
2619
3119
3552
2964
3265
2528
2518
3407
3181
3101
2642
2914
3103
2697
3081
2619
3569
3390
3004
6994
2739
3807
2799
2675
2779
3536
3583
2846
2709
2610
3070
2710
3247
2728
3657
2999
3107
3282
2723
2728
3234
2785
6534
3238
2755
3890
3394
2600
2498
2795
3377
3528
3115
2572
2990
3132
2565
2394
3203
2847
2602
4886
3307
4397
3843
3162
2501
2714
3088
2969
3703
2810
3017
2977
7397
2676
2523
3045
2950
2577
3689
2498
2745
3784
5219
2845
3318
4280
2726
2513
3353
2699
3657
2954
2912
3789
3489
2740
3061
3491
2738
2349
3498
3013
2701
4197
2656
3393
3553
7060
2513
3439
2913
3625
2861
3345
3265
3027
2879
3706
3115
2775
3233
2763
3440
2997
2698
2456
2853
2499
2408
2409
3449
3248
3004
2629
3589
3280
3093
2997
2843
3956
3745
2739
2877
3775
3719
2623
3187
2565
3320
3350
2959
2614
3775
3056
3038
3500
3716
2975
2733
3372
3371
3291
2866
2530
3683
3705
2886
3605
2822
2903
3187
3198
2859
3139
3394
2979
3606
2941
3686
2668
3169
2461
3198
3404
3183
3099
3026
2785
3659
2691
2827
5334
2979
2970
3226
5139
3163
2939
3062
3043
2925
3427
3155
3293
3691
3379
3132
2551
3245
3050
2870
3425
3330
2575
3303
3408
3221
2381
3339
3178
2738
2597
3338
3322
3256
3040
3076
3148
2973
3036
3383
2864
3553
3184
3278
2528
4842
3138
3265
3121
3132
3050
2765
2609
3262
3091
3483
2999
3371
3142
2718
3317
3169
2453
3402
3393
3069
2731
3574
3369
3580
3297
2971
3081
2940
2602
2713
2515
4790
2401
2499
2649
2561
3593
2860
2878
2418
2819
2664
2978
3016
2436
3179
2695
2323
2771
2748
3599
2550
2761
3391
2698
3246
2945
3313
3044
3213
2759
3507
3382
4902
3099
3326
2754
2662
2814
3321
2626
3026
2964
3036
3536
2822
5296
2756
2938
2635
3264
2780
2962
2527
3163
3063
2437
3026
2459
3113
2385
3374
2863
3141
2648
3550
3670
2508
2211
3172
3294
2766
3355
3149
2580
2677
3305
3054
3312
3077
3259
3238
2674
2963
2584
3327
3386
2593
3008
3205
3603
3292
3267
2904
2570
2953
3255
2470
3334
2513
2830
3124
2799
3327
2918
3448
2711
3648
2682
3086
2680
3743
2445
3280
2933
2685
2972
2696
3154
3178
2644
3251
3155
3276
3145
3145
3028
2666
3014
2766
3248
2765
3358
3434
2880
2991
2788
3148
3239
2631
3240
2809
3224
3240
2499
3482
3346
2447
2942
3121
2658
2820
3100
2889
3152
2701
2488
3564
3080
2573
2596
2639
2905
5287
3875
2660
3054
2325
3316
3742
2647
2849
3016
3781
3379
2386
3473
2950
2426
2334
2499
6346
2694
2395
3600
3173
2616
2337
3559
2429
2403
2921
3022
3530
2430
3028
3056
2813
2639
3329
3796
2397
2651
15958
3437
2487
2460
2778
2655
2705
3985
3148
3200
2632
3164
2564
2579
3631
4136
3394
3375
2945
6112
3036
2562
3743
3394
5812
2645
2977
3682
2605
2822
3360
3425
2445
5897
3308
3197
3093
7452
2982
2777
3049
2954
2649
5381
2634
3527
2841
2343
3344
3219
3465
3174
3557
3305
2735
2389
3422
3515
2288
3486
2801
3361
2751
2316
3323
2420
2532
2990
2785
2734
3556
2449
2592
3338
2535
2468
3193
3719
2428
3319
3009
2948
2757
3049
3133
3425
3043
3336
3447
2994
2892
3312
3581
2522
2390
2702
2499
2992
2468
2926
2402
2438
2383
3425
2404
3484
2711
2646
3596
2655
4092
3329
3283
3205
2546
3134
3165
2545
3236
2730
3124
3066
2958
3141
5060
3193
3280
3285
3102
2683
3007
2991
3036
3430
3167
3278
3163
2301
3540
2362
2395
3328
3458
2670
3090
2498
3066
2808
3327
2507
2507
3175
2774
3112
3407
3634
2503
4487
2556
3012
3573
3019
3016
3133
2561
2886
2836
2521
3050
2478
2437
2610
3848
3345
3487
7501
2925
3606
3415
2861
3512
2561
3015
3738
2724
3318
2760
3488
3452
3644
3454
2867
3333
2555
3769
3305
2401
3041
2692
3725
2490
3315
3150
3221
3503
2770
3541
3782
2649
3754
3277
2532
2990
8217
3216
3058
3532
2998
3340
3740
2336
3358
3912
10628
3126
3436
2450
3461
2961
3110
2895
3531
3415
3402
3261
3518
3313
3095
3605
2546
2674
2964
3278
2854
2772
2959
2952
3335
3735
2663
3314
3415
3513
2447
3101
3224
3183
2797
3330
3541
2826
3117
2614
3261
2311
2605
3202
3698
2915
3208
3321
3370
2788
3106
3301
2515
3591
3051
3217
2734
3072
3633
3301
3164
3900
3164
3067
3291
2530
3165
2935
2967
2379
3882
3467
3333
3324
2938
2823
3155
3275
3637
2778
3547
3135
3854
3423
3403
2582
3310
3599
2822
3695
2728
2805
3621
2556
3331
3451
3476
3284
5576
2931
3271
3444
2730
3199
3494
2988
3150
2987
3245
2988
2660
3569
3886
2647
3609
3130
3006
3417
2981
3729
3679
3277
3288
3016
2800
3323
2816
3519
3298
3436
2552
3702
3791
3156
2842
3612
3071
3557
2339
2722
3421
2862
17680
2510
2716
2798
2378
3084
3140
3019
3347
3533
2601
2362
2351
3495
2561
2923
3346
2500
2660
2865
2779
3210
3119
2997
2903
3208
2843
2507
3053
2772
2631
3090
2698
3270
3069
2608
2942
2957
3045
3386
2921
3593
3659
2555
3047
3423
2822
3060
3403
3254
3448
3305
3073
2718
3422
3057
3491
2806
3571
3160
3206
3259
3233
2974
3757
3531
2794
3315
2371
3328
3042
3637
3223
2896
3475
2724
3556
2898
2958
3367
3372
2684
3154
2924
2880
2689
2894
2669
3278
3087
3227
3147
3355
2806
2966
3072
2694
2806
3827
2769
3280
2554
2697
3075
3116
2455
3288
3107
2788
3177
3324
2953
3253
3256
3902
2827
2608
2896
2502
3782
2672
3127
2232
3262
2468
3293
3218
2562
3096
2768
2717
3519
2601
3464
3502
2717
3431
3459
3316
3717
2944
3222
3129
3001
2717
3277
3165
7430
2936
3047
2531
2862
3686
3527
2569
3139
3846
2577
2533
3430
2724
3467
3219
4286
2677
3345
3043
2781
3120
2416
3057
2558
3503
2895
2740
3199
2977
2660
2953
3093
2307
3344
2718
3262
2433
3471
2573
2991
2642
3362
2516
2658
3191
3113
2408
3280
2975
3288
2539
3366
2636
3535
3190
2703
3038
3253
2365
2973
3327
2559
3295
2513
2733
3392
3717
2706
3175
2812
4699
3458
2726
2793
2715
2548
2998
3680
2558
2587
2893
3595
2677
2760
2736
3851
2816
2794
3882
3062
2503
2950
3585
2394
3127
2884
3467
3592
3504
2412
2621
3637
3107
3073
3491
3345
2900
2825
3203
2618
3311
2829
2859
2400
2414
2564
3459
2465
8235
2551
3118
11187
3030
3947
2640
2658
3787
2752
3337
3695
2635
2730
3251
3353
2418
3548
2879
3958
2524
2336
2513
4155
2557
3348
2435
3577
2765
3176
3103
2606
5071
3715
3431
3058
2944
3618
2630
3292
2750
3740
2581
3292
3618
2805
3201
2529
2986
3500
3392
2903
2961
3255
3171
2707
2983
3294
2667
2673
3665
2546
3569
2498
2438
3279
3219
2662
3286
2840
3254
2666
2503
3158
3232
2758
2768
3674
2554
3201
2584
3376
4886
3270
2299
3280
2777
2460
3050
3040
3460
2383
3239
2791
5602
3080
3278
3468
2492
3295
2624
2543
3306
2919
2825
3193
3316
2590
2307
3104
3109
2750
3319
2831
3025
3587
2612
3351
3570
2479
2927
3562
2946
3032
2850
3405
3108
3411
2562
2692
3482
2923
2724
3362
2549
2814
3391
2587
2550
2572
3891
3374
3180
3375
2587
3195
2634
3140
2765
3144
2363
2611
3302
2756
2595
3729
2730
3216
2342
2831
3515
2710
2813
3367
3501
2795
3067
2573
3142
2637
2528
3298
2771
3648
2595
2503
3095
3349
3297
3315
2519
3081
2712
3714
3551
2829
2843
3161
3019
2751
3677
2679
2769
3168
3057
2435
3209
3305
2833
2833
3152
2605
3450
2727
3119
2632
3449
2366
5188
2831
3021
3552
3053
3465
2653
3314
3203
3418
2774
2972
3096
3627
2577
3234
3185
2574
3742
2678
5956
3035
3310
5117
2656
2915
3106
2320
2552
2622
6043
2430
2233
4094
2903
4024
2236
3517
2463
3813
2396
2900
3330
2521
3135
3104
3474
2532
2939
3528
2680
3378
2663
2757
3370
2249
2628
3281
3625
2729
3159
3192
2622
2991
3467
2782
3113
2859
5291
3574
2535
3290
3012
2326
4286
2506
2184
2722
2870
3446
2291
2640
3400
2560
2303
2422
3939
2380
2541
3518
2524
2770
3300
2333
2602
2357
2930
3058
3213
2842
3189
11022
2642
3381
3378
3250
2563
3615
2305
2505
3651
2920
3113
2707
2940
2980
2995
3400
2394
2410
3506
2512
3312
2607
2394
3283
3528
3187
3453
3782
2529
2225
2984
2914
3145
2762
3638
2856
2520
3070
3643
3083
3127
2969
3227
3118
2703
3236
2559
3493
2735
2388
3469
3089
3595
3098
3315
2730
3793
3300
2756
2308
3324
2558
3645
2643
2843
3253
3680
2597
3170
2686
3678
3090
3014
2263
2952
3230
2847
2461
3251
2802
3344
2860
3009
2948
3145
2929
2555
2967
3666
2575
2961
2378
3835
2929
3114
3148
3177
2544
3156
2608
2774
3021
2944
2163
2970
2951
2315
2415
2379
2776
3811
2888
3750
3035
3561
2541
2852
3393
2447
2731
3285
3284
2838
3012
3761
2447
3213
3353
3509
2522
2901
2348
3373
2772
3109
3470
3380
3093
2402
2746
3227
2449
2817
3146
3130
2736
2998
3407
2445
2970
3180
3071
3486
2619
3262
2756
2638
3239
3094
2678
2318
3370
2419
3247
3812
2550
2606
2600
3251
3630
2410
3077
2600
3749
2915
2774
2579
3223
3745
3029
2891
2566
3678
3376
2518
3168
3288
3293
2649
2759
3713
2452
2388
3122
2355
4065
3033
3113
5786
2506
3499
2554
7813
2562
2594
3281
3057
3308
2991
3788
2738
3052
3016
3385
3177
4152
2751
3040
3254
2889
2915
3607
4471
3082
3402
2652
3598
3153
3183
2508
3402
2619
3405
3451
2384
3653
2899
2894
3124
3030
2914
3499
3247
2529
2944
3361
2709
5540
2795
3022
3507
2619
2502
2394
2811
3705
3701
3356
4033
3444
3161
3071
3451
2849
2770
3708
2920
3043
2609
3595
9089
2928
3431
2856
3255
3169
2855
2823
3191
2597
3370
3567
2921
2664
5572
3276
3257
2462
3433
3102
2806
3644
3141
3761
3572
2530
3278
2798
3371
2997
3798
2546
3256
3410
2661
3253
3290
3431
2788
3636
3264
3807
2628
3503
2613
3420
3683
3132
2588
3758
2970
3324
2717
3148
3054
3520
2980
3596
3320
3638
3129
2906
3074
3275
3784
3610
3735
2808
2467
2945
3599
3502
3397
3174
3371
3829
3033
3758
3350
2656
2377
3629
3315
3031
3584
3361
3071
3494
3252
3465
2743
2931
3561
3294
2935
2636
3201
3550
2879
3309
2714
3138
2710
2602
3095
3664
2816
2600
2873
2245
2429
3164
3197
2750
2517
3009
3414
2927
2751
2682
3714
3508
3065
2526
2880
2921
3512
2987
3122
3487
2337
2411
3572
2694
3626
3922
2650
2575
3616
2433
3089
3239
4049
2532
3845
3016
3540
2722
3091
3229
2689
3749
3183
3283
3519
2645
3541
3432
3697
2806
3367
2645
3700
2571
2409
3268
3279
3633
3052
2464
2764
3288
3560
3350
2785
3381
3092
2979
2937
3300
4091
2972
3742
2976
3173
3605
3206
2802
2904
3745
3398
3496
3214
3369
3447
3027
2817
2733
2952
3215
2789
3416
3253
3301
3056
2510
3174
3375
3365
2505
3556
3074
3523
2967
3553
3228
2856
3075
2897
3568
2791
5125
3461
3680
3055
3328
2634
3408
2796
3233
3532
3833
2387
5956
9460
3229
2459
3035
2800
2522
3035
3172
3133
3077
2609
3776
3454
2614
2983
2982
3230
3048
3010
2986
2719
3233
2593
2750
3748
3475
2540
2345
3126
2987
3622
2834
2889
2401
3657
3519
2989
2987
3018
2505
3254
3498
3413
3192
3408
3211
3529
2819
3127
3127
2365
3211
3396
3012
3342
3015
2936
3026
3158
2958
3352
2618
3135
2668
3332
3272
3470
2562
3120
3773
3053
3500
2632
2621
3270
2848
3218
2693
2948
2949
2665
3491
3618
2410
3402
3366
3462
2380
3428
2918
2330
2723
2940
3373
2563
3329
3263
2653
3131
2362
3298
2699
2986
2503
3523
2718
2991
2631
3184
2537
3555
3024
2985
3278
3348
3447
2927
