10 client(s)
22517
21280
21959
21131
20327
21087
20352
19815
20056
21129
20 client(s)
51837
31934
32008
87825
55197
37639
33054
39076
34135
31975
32562
47247
31859
32355
41575
32294
47141
37871
43012
31908
30 client(s)
32653
33366
46595
32122
34098
53424
31536
30673
162313
30407
62633
33522
38081
37375
30927
47033
31944
37046
37586
37397
59935
34673
31893
33161
32813
32689
33138
31817
32981
38175
40 client(s)
33414
31189
31601
32075
33359
33190
32979
81402
32700
31829
31416
31984
32880
32353
33259
31512
31201
30833
31591
31767
46332
32340
32117
30749
41753
31665
30720
31839
48453
30778
32262
32967
50043
32650
30866
62297
32995
30882
60198
30294
50 client(s)
30396
30859
31472
30590
30691
31660
30850
30805
31944
31926
42910
48897
49896
31447
31255
31458
51366
32247
31400
30505
32847
30703
33574
30314
49783
30458
31956
35681
32181
30452
53100
40695
33361
49542
38813
47385
34125
38207
33912
31670
37104
4048196
33744
51415
32508
34582
53832
155935
34447
33205
60 client(s)
37755
35088
34064
34227
34317
33385
32996
33443
38849
38958
37896
35999
31543
43323
39649
38779
34719
37167
42782
31560
31108
30917
32462
32214
32783
33033
32786
33167
33157
35493
34207
48494
39009
37022
37261
33895
34304
32183
32347
32947
54824
32497
31049
30639
30826
31517
31646
30826
31744
31436
33439
32559
33500
33064
28998
30451
33674
131315
33452
31240
70 client(s)
32722
31845
33362
32845
37985
33937
33119
35241
34658
32609
33643
35060
31124
31549
31020
30793
33368
33820
32854
32625
41974
33510
31838
31141
30311
29618
30730
44529
33704
31021
32567
125152
32032
36645
31863
32308
31240
30403
31187
31772
182072
31788
56334
47987
31280
30785
45185
31502
42661
39691
45880
31778
36832
37794
30303
37139
32393
30574
46881
40304
32370
36322
31923
37143
31060
32409
31106
54392
31288
33260
80 client(s)
32140
31705
31345
31455
31736
31912
31533
29688
31771
30726
30257
31828
30503
43898
31962
30603
30295
31852
32708
37140
36761
39902
36105
30813
35996
37603
45271
30712
33169
39144
32767
30436
36104
31517
35544
36303
126512
60027
31201
31109
38186
48566
30970
35606
32392
35694
32019
32061
31762
30112
30467
30438
44270
30363
30710
32289
64915
45508
30950
31391
46495
32141
31234
30505
30125
30015
31847
30946
31823
36083
30290
32577
32013
33527
30985
32613
36490
29426
31315
29793
90 client(s)
31097
30016
95301
78572
31108
30936
79432
48309
31122
30364
31599
30129
29881
30020
166861
29891
32168
31504
30349
30803
30898
30204
45906
33060
33278
32124
36216
36513
31295
46146
30998
29608
31099
30704
32614
43097
35859
32584
32176
30798
47040
30692
44192
31935
32200
31062
31056
30905
50659
33150
30150
32226
39700
29849
32356
36181
47142
30029
30878
31532
38319
32155
32985
29652
31559
43369
30291
41734
35231
37771
38409
27372
21142
31207
20534
28621
21641
21636
28401
20470
23498
21573
20255
20900
20674
20317
21063
41814
21119
24228
100 client(s)
23792
3095858
80007
23424
48691
21777
22542
21691
22165
20340
21755
21593
20682
21262
21000
20433
19065
22302
20960
20264
20587
21453
21476
20529
20368
21102
20975
21306
21226
19908
19869
20987
20502
21396
21968
21836
20573
20963
20906
20598
20578
20614
20125
1717880
21889
21298
20847
21395
21095
20656
20678
20785
20306
21097
19800
20005
21211
20418
19941
19735
20682
21640
21458
20351
20793
20005
19888
20918
59605
19558
22534
20829
21905
22259
22306
19722
19968
65853
19642
19282
52749
35702
42363
31550
41567
30484
32362
30970
40958
41760
33824
32858
31193
31981
32404
32015
32436
31517
32207
30688
110 client(s)
32318
30768
31513
31542
31401
31285
31459
32653
31852
31834
32247
31007
31989
31754
31290
31854
32588
32234
32632
32046
31691
31529
31388
31501
32641
30315
31662
31617
32963
41519
32302
30250
32989
31312
32559
31980
31975
30824
32154
32541
32261
30292
33011
32067
31590
30620
31666
30528
31862
31737
32472
31276
31977
31571
31486
32174
31935
30871
30923
32600
31493
31816
32705
31255
31448
55210
30859
31187
31480
31807
31004
31192
30780
31480
31357
31928
32055
33529
32170
31997
31910
31265
32901
31455
31880
32221
30426
30507
31973
29948
33631
21226
19813
21683
20164
20035
20325
22576
20510
19891
21469
21311
39796
19285
20042
24770
20317
36789
19244
20596
120 client(s)
26981
21287
21930
37338
25972
22000
32091
20506
414745
22549
22185
21932
34244
26967
23051
20283
21450
19445
20093
20151
22610
19996
22074
20982
25951
22923
23753
21344
21621
22958
21530
25238
19845
21693
22579
20497
25265
21933
31996
20726
20955
20311
21451
21380
20222
25014
20360
22399
27263
28335
23225
26122
25348
22643
22555
1323279
25885
22401
21414
22123
20214
21419
13656841
25015
22600
21641
23414
22516
21198
25355
24222
20901
21148
20614
21405
20982
20993
21209
58728
27149
21977
22234
22704
20175
25138
22068
20867
21207
20870
20147
20824
25205
25784
20633
31724
19503
21843
19915
21821
20979
30952
21702
28855
21590
38031
32485
21259
38120
22289
19847
22658
911240
22615
20390
29233
23224
26157
23521
31869
24093
130 client(s)
24400
22709
22160
22266
22720
21281
52968
26261
22793
21914
37096
38759
21920
24027
23698
23274
23380
22390
20366
28141
44717
23063
22306
24378
23801
23522
23289
21689
28092
20635
24098
21297
23598
34793
21196
22529
27928
21808
22153
21141
25215
23445
22588
20719
21403
20066
23679
23530
22429
22127
21766
21783
22575
21133
23956
20436
21419
20840
23469
22474
22435
21923
22648
20277
25873
27995
28981
26319
22535
26320
22155
20569
22191
42082
22300
21343
21931
23531
22717
21339
22760
20665
20231
21986
20714
23890
23316
21173
21609
20765
21598
22712
21843
20853
20767
24047
35142
21075
21869
21165
22967
20305
22486
21764
23260
21170
20541
26651
20786
20327
32633
20197
21439
21325
20015
19224
22316
25959
21193
20218
28089
20983
25342
21872
20938
19732
22354
22843
23891
21200
140 client(s)
34335
20503
20337
21076
37330
22434
20952
21999
22270
19296
19838
19923
42242
19595
21228
33408
21642
20725
20043
19951
21843
32682
25496
22230
22260
30980
21824
19630
22698
20142
20203
20446
20657
21811
52063
20537
21807
20759
21561
20042
22279
22537
21129
20283
22147
22831
22999
21902
21761
33891
21927
20204
19989
20471
22321
22290
22132
19778
22206
50162
21650
20282
20987
40109
21904
22466
22177
23776
22771
20802
22167
41258
22002
21616
22077
20951
21705
21047
20892
21325
21254
22572
22298
20744
21662
20480
21754
20818
21360
19804
21209
20589
21544
20442
23916
19498
21675
22010
21963
20690
22803
19267
20802
20696
21197
21500
22590
19884
20397
21703
22308
19911
21763
20493
21441
22018
30774
20967
21374
20030
44728
32191
31472
33747
30305
31765
40601
37610
30859
31231
50859
31415
32843
31336
32592
33233
62646
35118
32465
32647
150 client(s)
30999
31924
861375
31614
31321
30966
31276
1715712
31237
30072
30267
32877
30799
30361
30114
36304
30260
30470
30241
30782
30299
30007
29993
29302
29798
31093
119346
59201
122120
30817
357339
350542
32055
30559
31625
358848
30993
514558
31751
31310
381154
31313
31702
349967
30352
30874
34859
39089
33052
32858
32751
47613
35807
31551
3417755
31780
33264
32623
31761
34869
32498
30316
29336
29886
40726
32488
47633
32554
32194
34125
30814
2321971
53524
30697
462041
31222
31622
33242
73703
31063
32277
31909
33152
31584
32196
32265
32116
36246
56229
30874
30264
39701
41757
32725
51678
32393
31246
30127
36063
30652
35628
33078
5837610
47599
30601
31685
46691
30381
41283
31551
47842
31408
32144
31134
46555
32591
33198
31634
31968
29823
31697
31993
30719
39868
35212
31004
29988
30275
30314
29783
36405
655134
29929
20951
21349
41363
21191
21686
21204
21172
22831
20739
40633
20472
22230
21645
40840
20506
27822
24127
160 client(s)
24105
22408
27508
25227
23821
22173
21008
21673
21649
20332
20786
20975
486358
24484
26500
22299
22047
21264
24143
26049
21168
21562
22382
24701
23652
21925
21076
22670
23008
22475
21617
21917
22625
20440
22032
21778
22474
20767
21262
23825
23505
20356
22498
21657
21263
20360
22574
22947
21486
22239
23470
52725
22595
21160
21139
23108
21060
25764
20924
22258
22999
20741
23838
3543568
22860
21258
21426
9342582
23675
22151
24183
20756
270813
24010
23787
22505
22140
21853
20918
127078
23361
23564
39640
20492
22178
23364
29974
22738
26777
22441
22743
20385
22440
22459
299745
21491
21339
21100
66735
22738
32692
22373
22330
21002
23209
301352
22814
22169
31250
21424
20325
21087
23044
20206
22041
20015
21385
20922
22415
21029
26616
20435
22562
21734
21728
21381
20972
22821
22014
22172
22280
20246
22543
21621
24783
19492
20963
19915
20324
21277
35901
19635
19953
30283
20008
19140
19760
20281
19322
20245
22757
26591
22713
21144
19351
20424
21640
21923
19464
20161
170 client(s)
21262
20924
20497
25082
20174
19416
20243
20990
19774
19590
22878
22051
19254
22192
19488
18924
22056
21057
22884
33107
19903
19149
21119
24002
21000
19255
39026
18867
20613
20424
19538
18921
23895
25398
20359
21429
19489
18781
18639
34013
27836
21070
21306
19430
24130
70950
20820
21006
97220
20306
21191
24160
21641
20789
23233
20129
20737
21121
41884
22086
5926465
22462
22378
22265
25294
3942363
23178
21916
20819
25434
21047
23557
18895
24213
35200
20458
30344
34777
22196
19607
19720
19943
22106
24907
25604
18994
21423
21593
22102
21272
22075
21154
21316
19106
27062
20500
18906
18670
21442
19613
19179
21139
21426
127660
20999
20470
19708
20684
25186
18842
26060
30152
19510
24906
20276
18985
20413
19790
20698
20503
22232
20326
21264
34723
20378
21619
20766
25097
29360
20876
19723
20512
20799
20809
21003
213664
21023
19457
20870
21009
21195
19693
21877
21417
22103
20294
20701
20412
22959
20034
45102
31554
38854
31234
32099
31651
37414
31516
38099
32512
105483
32739
32065
30068
31317
48447
32270
31465
41669
30793
180 client(s)
35405
31037
38362
29881
31330
31429
31597
31732
32089
31146
32365
39590
32367
36486
46426
30782
33421
44030
57403
32255
31171
33159
31906
33458
53944
32414
31734
32452
32686
33504
32781
52977
86724
32698
31584
30762
33158
31867
32149
33124
60842
31054
33263
49458
33674
89890
31927
32588
31395
31643
37390
105819
36637
31944
37545
30709
32860
32900
32857
33219
32901
146628
31643
32948
48799
368019
33523
31810
47638
31283
32973
31564
32641
120814
31012
39169
33096
36146
47810
33210
46868
31799
47535
33990
33653
41058
37100
30607
32904
32288
32614
44949
32661
32854
32728
37111
38073
31148
32203
33101
45202
38637
30767
106238
31761
30655
32557
31660
32211
33273
33554
33486
31824
32199
33316
32190
44224
31933
50241
32774
32143
30884
32464
37874
32818
32593
47543
41965
32315
32793
37425
32159
31378
30769
32137
37939
33008
31069
32038
30778
48768
32455
51638
46441
43423
31982
31161
31919
44193
46379
32590
35647
31119
33392
32634
32343
32289
30947
30177
31055
47332
37759
32913
34354
33370
31581
38394
40447
109512
30745
36112
35103
32020
33000
30803
46717
31073
40685
40638
33906
