
1 client(s)
2282533
2 client(s)
2759326
2862882
3 client(s)
3873491
3992037
4077917
4 client(s)
4059088
4143861
4258633
4226746
5 client(s)
3464654
3500652
4017318
4012257
4272799
6 client(s)
3144835
3891770
3933829
3965013
4086156
4117201
7 client(s)
3082488
3504338
3719442
4105873
4132053
4152415
4303636
8 client(s)
3699454
3738932
3972296
4207106
4396818
4293167
4544969
4963400
9 client(s)
3574990
4191964
4405005
4793453
5024829
5207445
5235227
5227971
5112145
10 client(s)
3533364
4404943
4809932
4948954
4994256
5497864
6047048
6024878
6130946
6324395
11 client(s)
4085869
4443742
5156586
5329966
5550496
5944343
5977521
6106157
6253207
6394047
7247885
12 client(s)
3558840
4562419
4839553
5948989
6034364
5973792
6631900
6817581
6686871
6840822
7116555
6807743
13 client(s)
4476121
4798498
4990060
5648451
6153956
6262637
6405235
6785314
7066074
7365740
7422053
7691263
7691821
14 client(s)
3937090
4548904
4833192
5424486
6049480
6608187
6957204
6962400
7419182
7496755
7791530
7526765
7891705
9036678
15 client(s)
3639390
4981136
4987897
5447016
6267786
6331776
6867435
6887941
7332793
7416384
7413642
7521800
7552054
7767949
8108851
16 client(s)
4506637
5817174
6611227
7425412
8203033
8968286
9942127
10628998
11232406
11301248
12415308
12578064
12177347
12554167
12863027
13214292
17 client(s)
4244934
4758572
5103796
5751653
6317690
7024553
7631407
8076527
8450276
8873114
8745536
8914535
9948029
10333757
10054339
9216583
10343587
18 client(s)
4255643
4685004
5164874
5763795
6143992
6899585
7396318
8169032
8576511
9078077
9421063
9577044
10011716
9993211
10139138
9230747
10884512
10575999
19 client(s)
4804479
4949131
5082081
5516829
6318846
6812279
7082870
7708252
8006013
8209276
9494044
9378880
9588486
9724288
10274503
10219617
10212498
12374881
12817999
20 client(s)
4223552
4665738
5230819
5697869
6388069
6905246
7397428
8093201
8718278
9206374
9386903
9835183
10223421
10639153
10546142
11114613
11202443
11271126
11363467
14166949
21 client(s)
4110637
5231753
5544947
5963073
5867759
6903194
6901311
7380459
8092276
8488873
9652025
10204637
10253141
10645145
10872779
11034362
11254923
10434605
11456548
11751596
13258297
22 client(s)
4492492
4930380
5471733
5807248
5932677
6494815
7210271
7737314
8154392
8312549
9411556
9832169
10001647
10287706
10494229
10590346
11102482
11375563
11584534
10643880
12708636
18809828
23 client(s)
4968722
5129066
5146764
6323113
6369286
6923872
7596223
8137644
8608694
8964939
9754402
10097096
11029660
11358362
11475020
11744516
12136201
12447262
12396137
12970202
11500567
14750883
15634130
24 client(s)
3968423
5201950
5306619
5775814
6103137
6618687
7213941
7729618
8041366
8953375
9220313
9821478
10297197
10692647
11244690
11761077
12093246
12058150
12306709
12889311
12724382
12868083
13579994
13107996
25 client(s)
4261785
4596148
5083211
6304478
6481349
6749672
6965626
7673212
8235964
8376482
9132799
9542108
10056874
10972155
11544977
11865372
12206136
12376500
12267265
12877258
12890936
13394960
12555156
14759652
15810951
26 client(s)
4361213
4770328
5342510
5832279
6328968
6870814
7428940
8104921
8693187
9072821
9606477
9838608
10622734
11141043
11684984
12175335
12665767
13201230
13506910
13372742
14154370
14255134
14838110
14605389
13252734
14766887
27 client(s)
4396787
4894044
5378485
5917267
6418849
6823456
7411941
7928182
8335834
8819118
9366114
9572707
10288253
10569970
11135102
11861154
12517752
12685550
12870391
13677942
13910392
13952499
13968156
14442982
14062874
17090377
18759545
28 client(s)
4015160
5038375
5414466
6120781
6566037
7092095
7765132
8285379
8664180
9149594
9652399
10125652
10607411
11233837
12216051
12596805
13038943
13330125
13314270
13866481
14167571
14191266
14775002
14872727
15572294
15310687
15481906
16422992
29 client(s)
3948162
5322281
5484339
5624404
5964403
7153165
7338167
7607097
8304386
8829411
9405373
9588672
10038618
11062695
11496014
11833839
12152406
12707821
13119113
13510222
13990096
13982243
14596029
14884718
15293839
14131164
16403856
21196455
21388249
30 client(s)
4729324
5183181
5872430
6308295
6925082
7418431
8032234
8551383
9136418
9312869
10057209
10534024
11186987
11622028
12166838
12746216
12892633
13932908
14016377
14379396
14683927
15349762
16292548
16345294
16795818
17281756
16729828
17106073
17531655
19001827
31 client(s)
4043724
5438620
5535093
5789376
6410358
6892056
7544570
7879256
8217944
9368037
9617324
9846611
10476323
10930435
11607579
11746139
12159526
13009420
13317632
14007064
14139403
15036650
15403723
15442962
15295133
15647990
15916620
16238913
16395831
17272662
16074505
32 client(s)
4399739
4900139
5511192
5989773
6535142
7121094
7584938
8178845
8725861
9042894
9728681
10036501
10675792
11173109
11727978
12269896
12856726
13173045
13726447
14148703
14585434
15735555
16034344
16405880
16447746
16785102
16912334
17079301
17274919
17382251
18429935
16678966
33 client(s)
4278386
5015728
5675836
6211374
6458014
7491350
7656668
7880137
8973779
9037443
9066024
10260454
10614317
10489782
10789296
11541074
12023320
12627331
13239378
13086718
13774292
14031484
14619882
15429876
15538820
15407277
15724036
15865474
16089945
15896679
16044456
17361692
17491947
34 client(s)
4495042
4400120
5091308
5292242
5615227
6063072
7123298
7254736
7536948
8007773
8215543
9145624
9201738
9842343
9991870
10360778
11062967
11224555
11851972
12283343
12503753
12623538
13803412
14057882
14654411
14773536
14649644
15921426
13494237
17279605
17657480
19409711
20179245
20012422
35 client(s)
4930823
6001636
6250163
6614982
6796493
7361450
7799336
8596368
8783566
8993248
9471418
9886555
9952827
11013939
11256740
12192780
11930461
12488174
13005846
13899963
14044428
14393795
14729473
15365336
15474060
15690543
15827875
16105776
16305219
16765965
16818516
16958409
16972698
18256718
16034139
36 client(s)
4535392
4873764
5127994
5813743
6002658
6934725
6951065
7324393
7629576
8310757
8892877
8958539
9464524
9912652
10100692
11305331
11180360
11949409
12555562
12157537
12116696
13510892
13189387
13541784
14484982
14881383
14912006
15191731
15657618
15857009
16112980
16076112
17731267
16637670
15709279
18637123
37 client(s)
3873802
4849284
5138598
5694184
5955865
6209148
6856414
7127456
7498262
7582454
7835588
8436241
9070999
9369385
10413507
10417248
10340656
11542240
11401516
11799921
12362487
13217881
13186995
13918665
13940161
14437368
14794648
15492741
15711413
16058926
17135524
16830773
17022956
18265477
18490297
18267934
18726074
38 client(s)
3807443
4759332
5218514
5536716
6019237
7195413
7511533
7655460
7945719
8323346
8731425
9227123
9831675
10065109
10639070
11071732
11473322
12448988
12952973
12677018
12980297
14203636
14467458
14451477
14748536
15413329
16355294
16522126
16424491
16828634
16984496
17353310
17530786
15869666
18621784
18881268
22028737
24338155
39 client(s)
5068066
5060899
5182846
6056372
6416801
6724504
6979081
7698708
8180866
8580420
8964620
9313689
9734806
10097188
10655069
11139238
11481855
11614959
12248884
12868482
13124925
13393811
14166108
14579098
14853689
15690969
15852780
16052631
16336436
16741809
17797830
18838500
18990818
19546703
17846942
20645616
20794157
25880310
26303961
40 client(s)
4164511
4663182
5148217
6186008
6275546
6414287
6900167
7316259
8185058
8358251
8453689
8888037
10129050
10314715
10363875
10744212
10963038
11498841
12000244
12465017
12704057
13652754
13828220
14045711
14265819
15128380
15093263
15368498
16933761
16902056
16681031
16725702
17156000
17194030
17690062
18822554
15903636
18249804
18746394
21691054
41 client(s)
3841597
4555577
5654304
6083755
6318553
6328590
6557674
7248296
7777123
7988616
8363068
9233370
9365810
9802061
10081288
11138368
11271857
12146147
12342622
12346338
12732682
13304689
13530564
14046568
14945857
14965481
15066257
15928390
16105124
16834819
17063558
17115122
18181310
17587854
17924012
18244246
18237047
18584511
18515072
18924080
19923229
42 client(s)
4430243
5486716
5715120
5849751
6244945
6724899
7103494
7586987
8037033
8552564
8931840
9299289
9710373
10128729
10784864
11137335
11510777
12017084
12361042
12959191
13288013
13612471
14742669
14789043
14680620
15125097
15870993
16739255
16881626
17114274
17259235
17729796
18559146
18626284
19128499
19166899
20615524
17670425
20494692
21221110
24117345
26558563
43 client(s)
4231441
4599794
4963321
5463145
5935592
6233951
7282272
7512124
7543244
7993171
8942022
9264888
9359775
10528297
10716248
10911977
10853809
11574382
12257462
12541486
13026449
13787404
14317667
14380986
14506723
15080805
15359868
15751019
16837179
16888643
17302690
17998838
18421506
18180859
18168337
18358445
18795979
19528451
19793353
19815588
18594423
21711233
21132623
44 client(s)
4270624
5163248
5375344
5620722
6210937
6440274
7461215
7477117
7865023
8000406
9401163
9354064
9449671
9963204
10882639
11061576
11182166
11390262
12604490
12868259
13054440
13419806
14151509
14397589
14664243
15052005
16012512
16228389
16432858
16796742
17281258
17501808
18182061
18981837
18646193
18961600
19194344
19799769
21264657
23065177
23710366
24707889
24648955
24373016
45 client(s)
4216575
4874431
5894646
6093124
6332998
6794676
7298843
8188757
8426148
8566511
8878483
9962906
10314345
10607121
10703157
11166267
11687231
12225265
12656902
12968156
13915851
14031381
14276219
15094464
15246002
15417308
16512399
16830500
16834608
17130938
17815245
18748818
19177266
19521276
19761179
19931764
20208445
20629644
20514550
21774444
20712373
20954700
21354160
21537113
19833612
46 client(s)
5274152
5513462
5868901
5980462
7188972
7397309
7568534
7952444
8454603
9049252
9766797
9980458
10035389
10413074
11481087
11485721
12250905
12740574
12680811
13126839
14002515
14129602
14288905
15319172
15727700
15819707
16023286
16743016
16780887
17519244
18157452
18627546
19044098
19450954
20714530
20377229
21873714
21661803
21806169
21764366
19559237
22323812
22288348
22475274
22395128
22319426
47 client(s)
4592684
5494214
5575283
5694604
5806988
6446240
7325139
7493249
7799991
8498702
8878929
9077299
9388548
10429633
10591617
10715998
11506013
11766568
12072527
12369386
12868246
13753920
13856948
14102494
14448431
15505193
15753780
16186813
16260980
16486247
17222061
17902445
18446075
18691926
19321993
19392671
20111301
19670294
20057256
20554433
20808189
20791540
21152623
20909743
21045659
22451538
19341695
48 client(s)
4095745
4824990
5781097
5816531
6094793
6579953
7193455
7817808
8026923
9014667
9456750
9538771
9807272
9854557
10898549
11055350
11428309
11832907
12828495
12748298
13019010
13203746
13934876
14604709
15072084
15379965
15300536
16631015
17500864
17494897
17559850
17545282
18858859
18903253
19338685
19687782
20416963
20831085
23000998
20204940
22998544
23820342
26171165
26685747
27180525
27154815
26966204
27197601
49 client(s)
3842818
4763831
5329749
5758045
6144006
6727480
7496258
7505721
8573141
8736091
8827847
9106911
9704486
10108029
11085432
11196567
11399927
11648483
12198685
12627815
13087365
13485564
14306030
14350739
15165982
14994593
15385460
15882812
16289942
16720579
17756810
17284312
17720168
18534386
19077007
18810594
19274648
19869807
20655731
20741112
20840588
20982870
21219438
21766490
21834817
21872751
22016414
23784924
19404828
50 client(s)
4050931
4795250
5746132
5712560
6587060
6923062
7161102
7510089
7815768
8547310
9060809
9620523
9617738
9877705
10959409
10919354
11393957
11814875
12824691
12918846
13000146
13422318
14031882
14280496
14659944
15860933
15684029
16025825
16253797
16749936
17084128
17788639
17932510
19036103
19021367
19506684
19932246
20159116
21067252
21198641
21576795
21883820
22128301
22554222
22580995
23624395
24161125
26106405
24818709
27469025
51 client(s)
4273582
4781486
5210826
5651217
6085412
6631358
7012016
7407495
7951813
8206871
8715397
9111898
9519405
10518055
10664994
11009001
11189210
11786021
12304401
12599431
13092957
13587678
14055181
14633398
14638507
15407187
15708342
16461902
16703182
17035749
16975287
18247559
18431716
18423711
19267736
19337276
19887044
19671129
20558603
20821119
21302274
21845458
22179810
22021545
22524539
22747920
23946947
23108706
22650018
23326536
27426018
52 client(s)
4423035
4925186
5471166
5767565
6091526
7073997
7219907
7422636
8553732
8700348
8999339
9782695
10012577
10100633
10366947
11096354
11496585
11867324
12276668
12639239
12989402
14136653
14153463
14283547
15200511
15602702
15834214
16216642
16488275
16630543
17382297
17706760
18216236
18719643
19145199
19468474
19839699
20870331
20795238
21787301
21862913
22007074
22511061
23159325
23314633
23481517
24913200
24373265
24189717
21872609
25764760
26292274
53 client(s)
4424621
4705542
5229443
6179383
6137185
7179900
7402440
7529245
7875747
8191506
8790073
9132100
9674314
9934472
10374122
11504225
11671841
11861362
12393379
12665608
13472181
13748076
13563069
14224691
15297124
15533439
15448811
15425426
16316485
16685667
17467747
17650582
18181224
18205240
18610460
18593285
19488167
20035943
20864305
21003037
20969338
22397037
22057591
23357663
22768203
24889926
23459173
22202451
23283726
23691020
23613678
23759698
24432084
54 client(s)
4695400
4771197
5240585
6333818
6460447
6691202
6955261
7394076
8349078
8580963
8896898
9065957
9440631
10011826
10410358
10865831
11674473
11816225
12541396
12723857
12886901
13249715
13651383
14188623
15169040
15243011
15657772
15846594
16448237
16798428
16852781
17111845
17524307
19164955
18885128
19243179
19832901
20472069
21590166
21452471
22253881
21945501
22336706
22689853
23286259
23105626
23282466
23464627
23438253
24121407
23902340
24010327
26103685
22837823
55 client(s)
4831306
5220797
5254501
5730649
6035715
6582406
6977361
7511130
7922150
8353536
8723399
9028361
10069260
10044352
10311272
10803074
11791003
11840724
11954109
12278615
13422942
13414220
13594993
14105219
15137681
15381992
15780897
15613699
16578846
16743148
17115876
17646704
18240613
18276852
18894911
19058820
20090445
20107727
20316051
20841316
21491192
21876885
22326622
22283330
23387455
23245362
23754675
23739077
24194082
24555617
24431221
24466534
26247868
25198575
28502597
56 client(s)
4214200
4999138
5418711
6013056
6430669
6659795
7957444
8165547
8447985
8633244
9179766
9473346
9926125
10388816
10850770
11949459
11849692
12162306
13190550
13197908
13349609
13789631
14716299
14664492
15004667
15632014
16434159
16507011
17092817
16937991
17731554
18098372
18412016
19445515
19754072
19866459
19782698
20262076
20813328
21500179
21870089
22623547
22615457
22962037
23322504
23544834
24569975
25750455
24632753
25065753
25157113
25131274
23438129
26830467
25375670
26314059
57 client(s)
4268085
5371960
5611271
5824825
6833745
6794533
7350101
7702099
8388228
8611630
8716241
9217659
9796541
10301994
10672042
11537239
11733035
11732549
12231546
13225281
13447422
13616373
14197872
14528334
15306355
15376058
15896299
16158761
16122736
16866212
17128596
17433703
18014603
18394376
18778446
19499296
19592138
20021745
20408306
21299856
21408899
21573561
22106091
22368156
22914735
23951048
23777993
24499573
24609885
24558922
24792415
24764292
24978005
25654381
25698370
27253244
23538471
58 client(s)
4080828
5530512
5613675
5836209
6302438
7409008
7353980
7715262
8135692
8609828
8930463
9433944
9809512
10879000
11040312
11118055
11595813
11860519
12275125
12767571
13846662
13759315
14130704
14541454
14860415
15179013
15417726
16250308
16189121
16808988
17710540
18190122
18284422
18100140
19104498
19430897
19485973
20108177
20525294
20708297
21166831
22256227
22654359
22690746
22839383
23204670
24154460
24276291
24418047
24798981
25061760
25510480
25452190
25591056
25921272
25770306
24539678
24257354
59 client(s)
4133769
5073124
5472912
5852121
6296920
6736056
7614115
8041297
8151205
8491140
8707899
9797189
9928767
10227574
10743866
11142567
11492914
11752705
12622166
13016341
13081196
13429074
14093042
14578575
15077979
15113214
15979968
16063544
16525727
16803590
18058733
18362533
18377111
19527978
19341988
19073112
19608331
20124286
20776372
20836046
21497436
21772574
22363225
22706685
22855170
23513587
24254676
24586886
24559613
25191116
25653750
25754438
25704389
26046894
26282013
26269935
28597718
24760557
27915733
60 client(s)
4646073
4985036
5979041
6006359
6306141
7195951
7224661
7512834
7886374
8228511
9125631
9369697
9436786
10137316
10204466
10427030
11281194
11446709
11510183
12665087
12824580
13152397
13253086
13668055
14035383
14415600
14926326
15233716
15252012
16317708
16486232
16543902
16839273
17390574
18266802
18378385
18716731
19039878
19408438
19344413
20159252
20252350
20523161
21467027
23051583
21929292
22091743
23228946
22999789
23277105
23600572
23896288
24145300
24286439
23309321
24309422
24943939
24823201
24843538
22443552
61 client(s)
4123085
5006804
5945196
6296277
6460833
6450226
6932740
7780875
8232389
7985262
8470019
8814370
9977126
10049644
10203080
10463278
10753062
11528548
11658347
11656233
12107866
13162013
13361233
13245486
14219412
14436976
14370231
14523692
15567461
16035022
16013143
16126740
16620599
16782190
17128585
17673029
18190581
18584773
19188812
19583916
19799080
19738597
20259054
20633349
21070871
21426579
21875435
22326748
22060848
22546465
23158826
23360719
23864820
23814401
24020559
24083065
24008481
24295081
24500540
26488140
23467807
62 client(s)
4723504
5639533
6498571
6775486
6901609
7170417
7855521
8198528
8630620
8881415
8952507
9606206
9933274
10164975
10724133
10697370
11668034
12139042
12313781
12514388
13203979
14992223
15142059
15802569
15940829
16556498
16506929
17018598
16910919
16942863
17073059
17167955
17353102
17452975
18065494
18350976
18806872
19635380
19442742
20418526
20248656
20632087
20365954
21941597
21603843
22201831
21978157
22352388
23258076
23627842
23547098
24061244
24491808
24461093
24638672
24956450
28901419
29717643
30472067
32895402
31286281
30996713
63 client(s)
4604308
5612019
5737293
6202351
6827564
7154034
7300959
7637641
8107257
8505720
8874856
10086769
9895528
10047991
10466129
10848512
11665171
11926266
12209504
12209440
13347934
13878293
13437141
13802801
14292341
14825377
15211377
15581623
15885444
16307983
17112773
17314021
17870502
18236804
18456929
19206598
18639441
19067684
20417074
21264223
20893628
20844253
21436079
22342120
22325285
23409784
23409617
23174726
24151444
24398171
25178077
25315072
25569427
26577993
27097889
27092668
25613521
30450007
28924637
28995991
28974899
31889712
32919521
64 client(s)
4406750
5429866
6420259
6787744
7101974
7263970
8359173
8480862
8558767
8873029
9011970
10334338
10635477
11036974
11600321
11944640
12403385
13283425
13558643
13449424
13344745
14296282
14706558
14854685
15067298
15843759
16177080
16269053
16575134
16173317
17442513
17987853
18362654
18957481
19423705
19302204
19776896
20930556
21333896
20899495
22220768
21916976
21855456
22196119
22773722
22498865
24167710
24102792
23421264
24402269
24844846
24611996
25543044
25611861
26250122
26977580
26834601
27109818
26924408
27344967
25963956
26764891
29672377
29677575
65 client(s)
5152847
5598318
5847008
7033630
6554121
7076102
8294164
8336262
8760540
8861234
9061644
10315408
10288733
11424443
11752777
11772030
11992426
12820377
12888697
13029767
13836049
13881148
14233537
15274767
15510555
15562167
15900660
16313594
16393685
16728038
17700840
18215890
18051838
18556353
18959432
19830544
20069143
20135766
20354873
20690545
21753163
21871415
22080766
22693255
22922725
24034655
24131245
24862449
25615955
25377615
25730653
25976462
26613789
26893428
27093737
27166949
28578991
28071437
27986802
28424740
30551396
26038914
30065196
31904999
34470296
66 client(s)
5214665
5282689
6410304
6350235
6348624
6994140
7004377
7880005
7967636
8261611
8358705
8881848
9100328
9568907
10603336
10686870
10350778
11290068
11196669
12152419
12516234
13551072
13736323
13672175
14446834
14760112
14504018
15089782
14993832
15575506
15926349
16745766
16940353
17687490
17251114
17688277
18393281
18697432
19057202
19448085
20369633
20361379
20399795
20111069
20961871
21600227
21897026
22020455
22436846
22378539
23703271
24740354
24547826
24903838
24687250
24938459
25540558
25043656
25433292
27642655
25515043
26100497
25710749
26091058
24290742
26213286
67 client(s)
3777550
5607731
5967284
6030416
6327574
7183127
7385150
7563647
8229970
8703744
8898652
9509288
9415010
9666622
10363316
10657495
10732700
11659002
11958512
12444645
12441585
12602004
12592200
13372475
13949571
13997486
14375674
14545351
15175250
15825672
15848696
16561607
15940976
16477557
16742247
16936502
17019503
18108910
17913442
20627160
18808015
18976988
19324977
19554446
20567192
19698714
20475913
20398413
20195918
21219089
21120605
21995609
22374544
22750170
22403847
22899315
23509334
23612748
23934636
23481806
23860861
24443565
24603411
24428914
24406590
24453710
26262843
68 client(s)
5269858
5760096
5599281
6818569
7051228
6994995
8250172
9143055
9380060
9030868
9441545
10373886
10677891
10678779
10693547
10754553
11768473
11915300
13031568
12409837
13019689
13957882
14865593
14849253
15589044
15773136
15715270
17291958
16571095
16401518
17251714
17137975
18356862
18043633
18946172
19392603
19405903
19306800
20087657
20110869
20377147
20472894
20995241
21943674
22121956
23270117
23132777
22381425
23385927
23724881
25072596
25917492
26027489
26787956
27489385
27820785
29534640
39270151
39685454
40078954
40066597
40738628
41264220
41057534
41000349
41329254
41359538
49269564
69 client(s)
5051031
5928912
5989260
7039184
7034585
7460463
7622805
8013662
8069126
9205259
9178167
9424307
9496919
10608984
10907985
11251177
11214533
12293626
12584830
12839919
12898131
13209848
13764046
14121486
14200147
14753577
15021719
15668112
15719144
16434808
16763181
16360479
16617792
17611219
17775314
18336974
18494881
18902972
18961036
19199421
19480986
19588247
20841383
20886156
21098115
21017111
21859729
22078843
22780606
22748091
23284972
23497156
23680494
25191949
25324683
24571768
25622292
25970539
26175683
26127160
26554674
29403737
28224689
28134472
27883857
28643209
29271098
28609223
37615586
70 client(s)
4145124
4770202
4990428
6084761
6862978
7075906
7083588
7230068
7911512
8477564
8921677
9272792
9432522
9546119
10568585
10324686
10705711
11657376
11359192
11950551
12761842
12987782
13067349
13390219
13657053
13907276
14383217
14428439
15036215
15206015
16309654
16580819
16456010
17005192
17903297
17851864
18806262
18453680
18938113
20989306
20203191
19843463
20031701
20400788
21277254
19153585
19479420
22237644
22435261
20063683
20208771
23415817
23942535
21492009
21599495
21689409
21640622
22535038
23252436
22911676
23313208
23662935
25017172
23708136
23941312
24293110
24252391
24813290
24414871
25466264
71 client(s)
6930923
7474438
7803744
7799352
9463701
9465285
8976635
9573894
9603557
9931770
9886753
10068544
10861152
11204468
11517259
11428339
11127208
11914406
11837627
12192364
12487623
11950715
12855995
12523009
13754082
13660977
13880798
13918451
14926776
15147377
15456070
15830428
16219578
16771148
18480014
16738122
17220570
17627282
18186379
17886202
18788869
19949216
19939385
20224434
19808991
21389603
21553826
21971815
22441776
23405871
25123053
22943881
22970966
23432935
23451954
15899567
20738693
16298912
16700637
17942013
17513289
17613074
17977345
18104588
26442607
17876376
27160338
18149424
19382864
20955966
23565058
72 client(s)
4762413
5220820
5914802
6654827
7027323
7484864
7984914
7947537
7724222
8783952
9556558
9294887
10315979
10940401
10737473
11304544
11918533
12177182
13018811
13220492
13815595
13887552
13869800
14633671
14415618
14787209
15258103
16003276
16169015
18020045
17621277
19368367
18797211
16273699
19210320
15941204
18611520
18926618
16713668
20127283
20683579
18688477
21105774
17799902
21169680
19530875
19342914
20718415
20756546
19247215
20087938
20642447
19320239
20486184
21168681
20633114
21039101
21085221
21034016
21077273
21947982
22097913
22409139
22992751
23033318
22793424
24149580
23625188
23348289
24002027
24043000
24453818
73 client(s)
5208102
5626459
6382562
6642002
6524866
7828210
7813895
8224644
8318033
7929263
9148180
9528589
9627823
9770914
10549047
11003614
11401817
11687670
12232462
11830020
12521750
13090574
13931839
13469428
13825561
14032797
14719296
15076331
14755597
15641328
15796057
15668306
16451778
16911303
17511918
18913580
17360302
18222983
18787448
19152041
19416235
19603944
20275079
20419081
20373979
21033366
20689613
21249429
21027071
21871741
22444014
22877026
23296229
24052591
23819894
23953150
25022024
25551880
24655618
25095270
27041933
26975478
27209999
27836248
26555643
28460237
28296285
27787278
25478654
30287645
27773554
31236063
31759018
74 client(s)
4538795
5368364
5530279
5769134
6032888
7413760
7585628
7879224
7893499
7240995
8588670
8879923
9420010
10151241
9545123
9987375
10615109
11693172
12108278
12527392
12295421
13975083
13962326
14106129
14298463
14578619
14348504
15120097
14536959
16310866
15858977
15663681
17475829
17085903
17560028
17615946
17901421
18978261
18864216
19037975
19459777
21028783
20155528
20352297
20917240
21228020
21286773
21952673
22472735
22914749
22893243
23033407
23729998
23894196
24583353
24791981
25526371
25817397
26028395
26074820
26599461
26585730
27538210
27558240
27715685
28121432
29156836
28248747
28909277
29151876
25157560
29484010
29299925
29698392
75 client(s)
5377630
6408961
6594796
6843178
7108405
7237245
8029431
8399816
9317274
9223081
9823754
9890459
10953836
10581499
10883726
11602771
11461598
12597986
13010185
13264785
13529838
13919635
13631168
14488888
14553301
14730045
15154558
15700573
15932144
16533588
16588783
17428516
17180284
17461121
18441466
18189885
19346908
19313639
19249277
19584633
19998515
20844370
20062953
21710869
21521258
22193444
21938284
22859603
23218977
24176885
24147017
23682079
24536261
24744309
23878021
24634733
24971818
25125208
25515198
26964401
26129551
26702824
26814246
27439176
27162836
27767971
27771111
31425918
28073383
28742201
28765674
28621966
29392812
29358622
29494946
76 client(s)
5226165
5640822
5871244
5966799
6902790
6896347
6810307
7843710
8284638
8308767
8296434
8847426
9627709
10332412
10069036
10440878
10967155
11669485
11958020
12127625
12002849
12837092
13090871
12896035
13904750
13989077
14412679
14730517
15352332
15978949
15863941
15440039
15740000
17249806
16830321
18061489
17889186
18504743
19231687
19286743
20547112
20502534
20858484
20614123
21129912
21597284
21416106
21476527
21952034
22435055
22945328
24079234
24240159
24336414
24042443
25774548
24495109
25449277
25809174
26018238
26564479
26792228
26752236
27478099
27479749
28536160
28222174
28175624
26788272
31793946
30806953
30559166
30719253
31215961
31296412
33169835
77 client(s)
4521882
5503515
5550665
6058789
6222015
7127447
7509981
7524283
8187361
8018319
8545979
8708573
9119091
9714050
9642024
9748735
10031584
10620197
11310704
12085399
12175524
12720327
13148490
12700943
13415893
13805538
14186939
14016254
14834675
15158982
15583151
15927719
15983350
16521547
17866428
17195217
17640322
18078496
18360684
18660314
18899676
19802766
19701050
20328240
20047980
20495198
21470305
21791309
21889139
21769679
22416551
23466552
23019811
23104266
23840225
23494859
23730979
25204500
25028309
25417083
25697514
25959196
26335261
26921079
26674033
27227192
27370854
27980883
27643023
31173336
28574396
28382814
27342775
29888286
30258183
31168771
33334315
78 client(s)
4831009
5430024
5994336
5841724
7249170
7486332
7274910
7430400
8663110
8884774
9384169
9944552
10180565
10490233
11054815
11086713
12454557
12755185
13076097
12576009
13465807
13970760
13473526
14072774
13918035
14493342
15399986
15503652
15574995
16255517
16586883
16932963
17051248
17769800
18039518
18482014
18635928
18785884
19684198
20105770
20221950
20678771
20964923
20937516
21829730
22070968
21975248
22129969
23107805
22832073
23748830
23994810
25077198
26275253
24984379
25607746
27825496
25930191
26293846
27454645
27373630
27523025
27579518
28612916
28328597
28969467
29158938
29514678
29979017
29889686
30014754
30300144
30820336
30737605
30921548
30895822
28973357
32579241
79 client(s)
4732313
5213217
5235465
6015167
6682945
6915972
7552253
8288348
9055826
9551711
9403586
9497953
10027178
10621224
10830302
11568142
11204184
11759878
12358291
12621697
13412858
13593400
13617412
14172987
14229964
14700924
15439519
15519701
15931463
16281065
16674434
18180544
18584973
18729465
18916357
19057352
19425030
19064515
19466239
19407756
20320185
20601823
21076662
21560540
21487756
21962194
22029785
22989159
23141535
23087686
23877849
24156083
24135474
24537319
25165494
25928440
25724266
26607695
26574601
27043041
27281270
27471650
28504477
28307617
28558637
29004206
29192500
29695499
30303049
30692314
31146262
33559864
31041182
31091662
31600752
28754303
32256699
32688001
33471462
80 client(s)
4501450
6114757
6222248
7076847
7185227
7103477
7534726
8780506
8935870
9000008
9271385
9388043
9780260
10216507
10899358
11254976
11599031
11985318
12214175
12136966
12452689
12821815
13677398
14104770
14480475
13763802
15142784
14568777
15862147
16259474
15960066
16511513
17184042
17645270
18894516
18530353
19115753
19827384
18865207
19680200
19644665
20719459
20118558
21139153
21049831
21402403
21968453
21538663
24048856
23428738
23404628
23663690
23514632
24353448
24819937
25145507
25223834
25500461
26097892
26564205
26831082
27503809
27823432
28102364
27921541
28278581
28970316
29027491
29753633
29970128
30077965
28691904
32564047
32742125
32749946
32709616
32905019
33220520
31235699
33998514
81 client(s)
5064740
5014876
5116465
5363674
5959015
6382396
6798288
7469736
8079534
8461966
8958752
8812803
8567676
9924951
10022617
10020923
10299748
11276427
11058913
11908761
12442315
12878178
13021227
13722206
13702846
14116462
14005630
14252275
14763985
14974528
16585534
15846355
16139273
17185831
17019567
17467195
17593171
17537476
17758617
18123200
19047173
19661994
19590990
20319134
20939238
20392164
20596263
21144386
21191070
21961108
22225731
22078139
21919176
21840550
22779910
23283378
24171898
23399880
24546531
25434689
24709937
25162510
25573673
25648443
25887268
26802101
26391050
27369412
27853172
27588478
28568253
28146334
28633933
28872612
28700925
29503908
29513787
28427301
29994325
30546807
28455601
82 client(s)
5831169
6259921
6164436
6317997
6841078
6902134
8033654
7726427
8453732
8649302
9347895
9455743
9042269
10031926
10232799
11252898
11094956
11472845
11778624
12336193
12943668
13170430
13287401
13434053
14235813
15271120
15247603
15201594
15346111
15400154
16270011
16705937
17230005
17700418
18446974
18615303
19467950
19529842
19762767
19499685
19825089
20056926
20524853
20775295
21754333
22145137
21922316
22124891
23134423
23493951
23884228
22769461
23574569
23194664
24402664
23162376
23461307
24633301
26339277
26563462
27581409
25968242
28196349
28473622
27945745
28690444
28546338
28524318
28364496
29850664
28964897
29094265
30226611
29639212
32194107
31219560
31330143
30634177
31933513
32217011
33855271
33936699
83 client(s)
5210850
5806160
5875230
5971468
6138581
6470383
6592263
7135242
8012329
7967276
8526878
8597192
9465769
9528536
9366448
9797473
10444650
11106120
11143106
11383283
12275701
13267432
12549446
13486920
13006518
13794274
14668083
15141200
14392093
15284734
15136605
16811306
16268725
16478660
17177860
17526154
18028671
18356160
18439893
19125779
19266445
19526929
19480710
20279789
19923613
20595721
21907293
21685335
21832074
22083392
22671070
22890391
23642052
24408630
24105555
24336906
24024312
24863436
25421896
25930828
26234417
26775021
26902296
27321902
27698223
28581964
27680634
28827817
28746917
29453527
29822709
26771221
27929752
27505156
28615709
29200426
29490699
31210498
31533461
33147127
35204114
33596523
33858041
84 client(s)
4578843
5271836
5933573
7471473
7084967
8169904
8129452
8403156
8378544
8706206
9770076
9985449
9774401
10271566
11336200
11569248
11746739
12111066
12128058
13328108
13369872
14111668
14425999
14704557
14579811
14646883
14614824
15779263
15811146
16671507
16466152
16805434
17771819
18248114
18228808
19286353
19239056
19349037
19186443
20852350
20173620
20377621
20597326
21049315
21706367
22461855
23039379
22840165
22834601
23655414
25191037
24603356
24578555
24278964
25506946
25870982
26942888
27130552
27423811
27409433
28231516
28365227
28214994
28540405
28632174
29965384
29462551
29353739
29733749
31190466
31264283
33391414
32357858
32285121
32242063
32104318
32806981
33323827
33324453
33736985
33726157
33661217
33787525
31115725
85 client(s)
5036073
5182176
5935267
6073572
6161339
6997218
7139074
7553103
8410896
8812660
8747318
9728418
10243065
10485413
10537585
10511064
11063304
11751252
12447880
12248981
13012692
13610027
13641063
14225715
14141272
14330326
14693182
15274406
15565904
16106990
16648410
16787427
17025985
17383897
17823129
18564743
18965289
19501841
18719047
19681059
18793886
21277715
21436898
23059823
22585079
22381291
24722144
22455301
24182313
23178168
23898138
24638564
24524518
24555576
24170532
24094407
24227430
24844260
25129173
25652578
25515147
25826099
27134792
27290262
27016985
28055171
28196534
27204117
27183324
29036679
27757430
29276488
28414790
28235963
28902323
29424019
29646302
29541908
29964709
30214068
30113700
30419240
30564231
30560154
31701237
86 client(s)
5178172
5442667
5660255
5911049
6936148
7217493
7253541
8212489
8471541
8711719
8713508
9673824
9930071
10255164
11023841
11473274
11573071
11414487
11929003
12530578
12344362
13693468
13315493
13315339
14062146
13983924
14656000
15016543
16170473
15744532
16066578
16597709
16893247
17854316
17332353
18172443
18549740
18932362
19538727
20606408
19625322
20129693
20329232
20903836
21154663
21253354
21896665
22638883
22805076
23154426
23257551
23631105
24046693
24250122
24917555
24873796
25113725
25711637
25837349
26987251
27002918
27288515
27941783
28201238
28539446
28478523
29769020
30015844
30821400
32379692
30880146
31220563
31611516
34811500
32939821
31466372
33120814
32758626
32474331
33489556
31974210
32358655
32163610
33397231
33853614
31371221
87 client(s)
4506127
4872087
5134638
5416061
5997702
6499096
6900963
8043095
8012826
8428208
8414095
8791783
9094568
10109656
10008131
10062981
10161462
11294424
10782675
11358412
12554780
11452397
13213767
14064836
13756176
13239858
14828727
14636634
14882461
15718904
15657798
17010254
16935582
16965610
17396385
18022036
18019589
18906962
18847964
19755043
19388790
19857559
19651616
19659839
20535058
20515233
21585613
21759278
21950370
22621623
22439756
22539134
23427619
23932325
23844294
24744383
24926231
25197415
25655128
26081575
26361140
26408260
27040102
29426921
27509516
27554132
28035284
28822877
29091651
29209615
30069543
30526714
30570314
30550374
30763815
31890327
31950403
31894093
32655893
33279367
32982244
33141845
33462614
33414902
29994010
33827487
30136954
88 client(s)
4812123
5322444
5554040
6488496
6671849
6843492
7684605
7989917
8631152
8204163
9010894
8771196
8582751
9749847
10127844
10510262
10954153
11636218
10632821
12669143
12768302
13243759
13538504
12741724
14041937
13919683
14462000
14566984
16699684
16187817
17254054
17184778
17439732
18299383
18270654
17932395
18629599
18208576
19200917
19444745
19700398
20127204
20513029
21009902
21715597
22460618
22140905
23516613
22409810
22962154
23360543
23580550
23880243
24452682
24984210
25103028
25585811
25583974
25778775
26663754
27009254
26936221
27616728
30391499
28511067
28688598
28772308
29559766
31398669
30329490
30263696
31061077
30145550
31150026
30720134
31522035
32649456
32106925
33826727
33161695
32086163
27529057
28605270
27959590
28874205
28308996
29195387
37154063
89 client(s)
7114557
7510680
6880094
6645283
7401563
7281845
8193576
8615100
9381975
9257409
9310506
11015601
11966125
12030252
12320964
12406070
12665230
12400077
12335353
13424667
14758360
13984887
14928688
15161138
14899640
15814781
17102235
17100746
17732295
18082902
17826842
18866746
19453989
19223513
19861838
19631926
20425402
21053406
21663067
22108957
22441850
22588637
22748486
23282857
23756733
23928793
23719882
24805188
24594283
24767160
25152740
25386241
25807007
26323972
26746534
27428252
27796762
28340249
28489722
29006203
28730778
29013508
29214567
30187174
30395875
31294178
31220703
31210370
31579548
32283217
32817373
33164106
33179882
33153581
33938213
34655243
36301758
35340226
35490589
35884941
35743219
35975020
36149465
36678767
36826161
36662472
37432845
37415047
40071723
90 client(s)
4082274
4980805
4754880
5049259
5481011
7842426
8444182
8223401
8452023
8439043
10129955
10067101
10108495
10944768
11578858
12155655
12662671
13019804
13503384
14095578
13788968
14674122
14269400
15625125
16239833
16234249
17427617
17371092
17292717
18249666
18489821
18639040
19393778
19716699
20623413
20621330
19901987
20376854
20748923
20821800
21171138
21257227
21578706
21851642
22437963
22703538
22682353
23429076
23974128
24407792
24713005
24907212
25295496
25695971
25861239
26105783
27289090
27337775
27631914
27917796
28473325
28974424
28939395
29005431
29645072
30066358
31788336
30768795
31216404
31820953
31625489
32691395
32760430
32867670
32920631
33126905
34041282
33984634
35048568
34875992
35292625
35756544
36056967
36024986
36499752
38931417
36776702
36657816
36306854
37182276
91 client(s)
4607154
5821064
6079572
6220832
6855338
7591921
7504154
8607191
8844957
9113314
9823163
10492271
10681865
10887316
11267419
11299666
12040350
12325244
12541188
13141788
13398489
13565033
13603189
14114554
14786192
15391954
16120133
16364379
16553550
16721812
16506023
17204536
17822525
18710523
18613864
18918959
19399609
19423087
19678473
19534657
20403039
21124317
21139779
22411210
22380681
22534197
22473776
23151246
23614646
23526154
23807427
24674139
24818022
25168169
25525549
26003627
26109229
26140803
27168857
27244571
27702852
27669873
28692537
28427881
30921682
28957156
30044177
29860085
30235912
30587253
30341347
31245903
31964657
32929388
33066836
32419519
33032811
33189016
33875438
33770050
34946652
34592057
34325832
34291984
34426876
34550813
35522907
35305082
35454400
35344520
35306411
92 client(s)
6151031
6749600
6885114
6798434
6664416
8184362
8386233
8788566
9110205
9285793
9909070
10270730
11516202
11332990
11818085
11937048
12042243
12672842
13024914
13699105
13594609
14426839
14818845
15120476
15158653
15971666
15783640
16703593
16286125
17523856
17854356
18425674
18797855
18041772
19054355
18924197
19089393
19538419
19741531
20101853
21009456
21247601
21719605
21839989
22565340
23003141
22869742
22866216
23765734
23987870
24057953
25355659
25363375
25729736
25842778
28071643
26866524
26996833
27341968
27583932
27833224
28989295
29371737
29342968
29487932
29465324
29987574
30138718
31095471
31403059
31427097
32308590
32333808
31565030
32941531
35037923
33618979
33427956
33265241
33851022
34783490
35533913
35085136
34746103
35184962
35632357
35441246
36011591
35933400
36070531
36069356
35877760
93 client(s)
5570655
6724653
7535692
7722378
7721813
7763292
8212509
9273246
8682805
9400304
10263874
10231349
11201617
11221586
11898648
11511974
12549891
12467146
13338641
13185403
14290742
14661522
15155558
15470979
16142431
16260458
16342194
16804401
16657678
17633798
17601735
18538493
17994340
19439931
19288758
19735225
19507603
19565330
20093979
20137049
21540972
21869269
22061433
22297547
22638575
22635319
23123935
23736151
24197024
24639544
24713824
25205335
25709482
25810395
26507568
26632159
27291182
27608276
28216872
28140300
28540928
29082759
29121178
30380259
29957474
30357766
30697128
30925257
30640787
31982001
32348768
32807739
33300048
32682482
33137281
34340603
33797777
34594512
35570048
34947431
35360574
36366757
36308296
36238227
35216789
35510350
35543592
35807372
35779369
35993453
36933504
34869585
40816272
94 client(s)
7396995
7755216
8196692
8187035
9393266
9439828
9581084
10332936
11030265
11191784
11794483
11419976
12499668
12469429
13423507
13419052
13911037
13779290
15132637
14776033
14830090
15261832
15778943
16225174
17021756
16976467
17162320
17604272
17796663
18215102
18844256
18864584
19872362
19965091
21378433
20850468
20931085
21521185
21881846
21854324
22334900
22633059
23261014
23295485
23868454
25075806
24571996
24920422
24806451
25533594
26095386
26451299
26532433
27192601
27068723
27171053
27673632
28183830
28936783
29301911
29338276
29389479
29767834
30357818
30671473
31090194
31528787
31427776
31793410
32049102
32722173
32971546
33410600
34039419
34798355
34796023
34927938
35122199
34879162
35191037
35912846
35911697
36074988
36597725
37978943
37162143
35068829
37365252
37367237
37517739
41755705
38384742
36103823
39377307
95 client(s)
4680625
5278848
6165747
6682690
7045724
7224637
8083651
8341183
8502946
9030029
9185159
9829024
9902733
10642533
10307284
11069945
11487120
11863760
12020978
12721215
13362666
13224531
13433154
13801755
14719432
14288992
14367092
14451370
15297373
16034483
16582866
16503499
17258019
18495956
19013588
19532060
19120422
19091806
19498406
20909493
20876035
21777642
21360210
21337290
20996611
21737345
22138250
22667557
22748935
23424536
23620768
24212638
25138346
22784000
22826111
24521027
24994731
26069812
25098892
26148575
26882843
26968965
25707530
26359289
28164796
28734225
27457441
28748608
29825334
30378038
28645600
28808424
31347368
32849090
34729009
32216189
33044843
33000921
34318014
34642637
32083625
34917645
33121740
34226192
36113888
36162457
34470723
34474243
34899428
35011744
35262177
35425291
35144448
35245885
39405332
96 client(s)
4978206
5275617
5969298
6407073
6796363
7625919
7858378
8239284
9200857
9618609
9764951
9974061
10315736
10703157
11286728
11954921
11950705
12116896
12491328
13172913
13421836
14343499
14611023
14647040
15265903
15987677
16156512
16184690
16576210
16876056
17086792
17266472
17946938
18426822
19050978
19498529
19542181
19915649
20171164
21409549
20845661
22169527
22063654
22303739
22630253
22973755
23097661
23969295
24140200
25224927
25622060
25783120
25891800
25954095
26031299
26279623
27872464
26310208
27354730
28040715
28103892
28453132
28837141
29203132
29717951
30177893
30244923
30325784
30582283
30767151
31681698
31938331
31878423
32620965
32384486
32803605
32958738
33865732
34475789
34641368
35277269
35567762
36048491
35581645
36453200
36734118
38900170
39476469
39561807
39465619
39554481
39825095
39631884
35096935
36702469
41812265
97 client(s)
3826334
4648762
5733437
6048183
6056003
7296638
7881899
8314537
8532096
8654689
8998051
9839093
10110007
10920481
11308316
11254262
11942687
11874853
12290082
12743864
13077351
13643814
13655926
14342448
14715603
14545705
14921280
15281504
15830429
16610024
16568350
17330068
17892008
17516451
17935592
18478591
18514005
19198528
20189747
19608895
20258534
20318658
20590747
21009941
21736367
22109815
22041891
23093598
23106526
23367361
23581169
23636507
24279238
24981899
24381977
24496998
24562767
25367034
25655254
26033808
26423030
27040042
27702792
28051815
27508043
28379311
28422856
28927898
29292455
29855977
29633890
33426393
30437545
29780914
30882030
32082820
31320583
31570245
31699149
32121505
33507061
33394269
33826710
34076651
34997883
36002009
35360598
36490285
34171280
34308880
36090339
34018009
33984757
34583980
34479698
37774187
36662576
98 client(s)
4520191
4892475
4972313
5432824
6605241
6885748
7046153
7756224
7750328
8532824
8545768
9024580
9489900
9901170
10852823
10884974
10960679
11206212
11480290
12250277
12480772
12713081
13233089
13615519
14315109
14322614
14496317
14431579
13983593
14823288
15536266
15364343
16034958
16199703
17178267
17414046
17503270
18920821
18987138
19533731
19924567
18981376
19667205
19954884
20467467
21009506
21394227
21358678
22022611
22564546
22750777
23357922
23454551
23657085
24171160
24326166
24440617
25047007
25554543
25378306
25713248
26389523
27324245
27274547
28329483
28458617
27840663
30911469
28527231
29195962
29217436
29945580
30387965
30312407
31824155
31204768
30489993
32038966
31972594
32036903
32970468
33369739
33409830
34111454
32798502
35068697
34215697
34509971
36480652
34684341
35514899
35586577
35436385
35300360
35835901
34696389
39060177
37518151
99 client(s)
4596490
4697517
5617345
6065483
6897680
7208984
7376312
7422791
8225972
9191506
9287800
9523484
9752515
10430105
9731451
9899738
10555171
11046033
11801789
11743415
13082760
13141813
13031804
13890757
14404296
14219389
14760849
15317326
14785821
16284778
15542804
16978900
16590135
16962982
17558426
18060575
18053450
18245580
18638177
19343455
19249834
19889355
19971667
20057854
21076636
21181749
21632607
21832139
22878742
22868855
23066704
23622864
23818654
23895676
24696332
24459002
25181958
25542964
26302729
25173949
27107435
27536806
27616283
27828612
28239018
29001291
27304505
27240621
27942200
27452046
28655304
29008545
28764908
28493719
29389233
30262305
29255622
29807011
30269283
30767172
30861316
31381038
32316401
31699034
33297301
33356770
33365277
35227524
33869117
34329307
34417297
34753860
35314329
35155437
35121291
35093195
41062654
35376021
35478175
100 client(s)
5012066
5370787
5594534
5476626
6263365
6380902
6768093
7888732
8378990
8764150
8792967
8983252
9967995
9894094
9752307
10304897
11057830
11644149
11736325
11884292
12037127
12729349
12988874
13426876
14065225
14315172
13599129
14584050
14540697
14580091
15601833
16471395
17003793
17495493
16718562
17036090
19096045
19018727
18406761
18501474
18607270
19381552
19755628
20023918
20282417
20781976
21744384
21971936
21885632
21990162
22714654
23446469
23545113
24355984
24187268
24457744
25108106
24874475
25465681
25930398
27005112
26486567
26461782
27317813
27948239
28418990
30709511
28523658
29011917
29547088
29947873
30274427
30078960
30026491
30759611
31334657
31641440
32540487
32597029
31943226
32897077
33278615
33622640
34061424
34318706
34085506
34393427
35015472
35613011
35594577
36293759
36106248
35526768
35872644
36748260
36181929
36421094
36593127
34514033
40676708
