
1 client(s)
759055
2 client(s)
811061
734875
3 client(s)
794950
797728
723818
4 client(s)
647708
665710
895373
714469
5 client(s)
739676
905465
781024
776476
547524
6 client(s)
878847
823927
838935
887029
935539
938920
7 client(s)
825729
903350
781450
979128
979957
994919
1022116
8 client(s)
1019442
1073466
1124574
1129060
910044
1156673
1186347
975781
9 client(s)
1020827
1190952
1236465
1240296
1249008
1185281
1290732
1318984
1330661
10 client(s)
890165
862221
519472
780273
545951
877629
633692
761886
795425
839209
11 client(s)
870001
429318
1008306
846137
1162103
642492
887315
893536
799579
906298
670326
12 client(s)
817919
837086
490362
965327
868995
1081619
1145136
1149691
1152125
1120772
1220330
1232581
13 client(s)
783627
729727
782921
466520
899106
593373
782632
783404
850128
904342
923202
943744
950431
14 client(s)
892174
434982
693826
728674
983466
1049458
990804
1064501
1076261
1077496
1096656
1261590
1393218
1411944
15 client(s)
793896
989035
1135090
1137035
1262178
1178526
1268211
1273449
1276748
1239704
1311030
1357133
1367442
549130
1792846
16 client(s)
599837
918834
878292
727643
878943
688807
986280
740943
648986
1087185
751162
830434
793158
1114232
759999
573713
17 client(s)
719696
1120434
1255363
1278022
1317883
1196010
1361642
1386764
1419202
838650
720971
670426
639127
541799
983186
917858
1089254
18 client(s)
862470
747302
860045
653299
807548
741158
722754
839100
700797
767163
676213
1029116
1096380
964363
1129060
1153736
1183106
1192297
19 client(s)
437634
630318
1016988
856182
1008860
1010222
1067929
1071678
1150192
706796
863789
966857
805517
935602
933474
959287
974617
992693
1017662
20 client(s)
750172
1162247
826861
1054097
556297
771869
705367
815508
742756
729284
824863
885421
927597
957443
971608
829114
1028125
1312638
1564999
876291
21 client(s)
930244
1010516
1071389
1088703
1039284
949147
1184999
1051472
693076
783586
794612
936792
975511
1040528
1026657
1076043
1048261
1134981
1175247
650931
1843852
22 client(s)
486560
1032358
900328
631537
900300
680638
834728
845857
667213
511262
905439
883448
640011
824092
952230
996177
528099
900381
927660
927823
9004247
727526
23 client(s)
828550
877602
870637
807425
691496
678900
810378
698206
774218
674142
771021
889538
682235
955762
791105
752514
914641
968085
989745
567111
953369
1072817
866851
24 client(s)
892554
808471
871577
897468
971837
987754
1002518
799421
1128486
713797
675275
728810
790597
816043
660260
728793
529408
873827
755729
487538
619582
538877
479228
721001
25 client(s)
495311
928367
833905
423836
934591
681893
703250
838230
819919
842163
759741
760499
702794
1743184
896238
893607
1005090
1007840
1019697
916112
968364
1156217
878623
1518289
881168
26 client(s)
388031
844241
740041
744599
670733
751998
711467
721730
769941
730841
754547
832017
862944
702777
764339
688106
1271556
605442
516147
933982
916079
496131
781431
810975
759070
3976959
27 client(s)
800583
791505
799837
729545
774751
655179
796021
819662
842678
825587
842298
841264
593473
822448
942093
803749
680604
807458
754748
820825
718586
787771
963677
1001824
1048441
989190
1066942
28 client(s)
864304
392424
840643
739794
789419
737319
761509
840511
705823
726658
704987
740065
779873
669842
820458
892332
947618
619293
1000744
807710
1087735
611374
829263
765435
708013
775490
783284
531955
29 client(s)
981457
994021
1006578
785594
847307
818900
759660
745545
759209
774541
810851
415214
841051
1004643
482946
889569
736715
749905
753293
817126
1158068
475041
1220272
1273234
1286733
1071612
1096066
1024017
1397372
30 client(s)
864958
801677
751982
743623
764864
769956
770679
852620
761383
893521
802931
792891
935820
1019845
1140427
1141236
1103722
1161532
1230971
1248143
1488702
1209591
1331480
1333524
1423750
1509949
965521
2098416
3116024
3192563
31 client(s)
789010
830091
727275
793728
863308
752906
858729
635747
800342
565569
897315
821816
841126
698337
737439
691791
771508
766889
704269
580182
610729
998954
1002457
1052415
1095406
347364
508506
737075
753626
2149548
702684
32 client(s)
398111
878038
763757
712433
662248
772389
679917
829056
554644
1512562
720682
702173
800802
681079
752445
724323
905667
809138
827824
398483
954858
904635
853967
929031
805191
773135
919730
796716
816237
901589
910912
563610
33 client(s)
856764
996998
813059
731244
767977
852106
545095
815324
433729
775603
855953
522948
477545
834504
782330
969069
813184
1007738
466779
728615
888189
953663
980970
1012371
1057944
1065974
1166906
1165154
1171485
1316274
1942375
1604382
1098861
34 client(s)
797908
896273
754208
564688
1027339
782387
439825
868496
754926
548516
903548
843900
881266
1227253
1232321
1375835
1406388
1418575
801795
1209661
844947
832038
935844
676814
976931
1057691
1094641
1118261
1129265
1160532
1173332
1141669
1222407
713371
35 client(s)
948068
829964
526156
566598
904144
911514
924687
825770
797515
544189
1025798
1001427
716806
896696
1032509
918045
829440
415553
912638
1017617
795427
687854
839531
831740
594068
1105477
599099
839607
903926
763595
826686
1011858
1052519
813339
1173266
36 client(s)
406340
701943
987455
828166
753820
388796
712158
770021
768245
628648
824055
610312
868357
555548
762602
850902
903636
873252
556453
847119
570176
879516
612709
854784
1072744
1115622
1067961
1148439
1228304
1228842
1079052
918761
1455579
865276
912030
908710
37 client(s)
786961
480537
789282
762344
542665
478223
747861
917359
585108
979897
854588
806440
910323
753512
702118
848614
786554
704224
393172
991492
766640
1030043
965140
853481
746856
953839
978892
1055693
1062205
1063852
963761
933517
743136
757452
824404
822065
864542
38 client(s)
860110
804818
735941
848161
820108
808727
616892
598030
922076
773130
667594
771065
633905
1086937
428879
876564
714052
555478
974750
791553
595961
825658
742034
666654
817179
821532
911209
1048798
1084643
1111070
1135466
1190045
1165490
1251498
1266040
1523784
721873
779308
39 client(s)
834942
1006576
1084159
531172
935975
843598
628033
395848
838030
804448
867091
924593
421128
864562
1153113
526032
961653
760674
754676
877724
815454
580719
782273
721695
831352
483446
583442
889453
901959
1169517
1229421
1275203
1280882
1292189
1340514
810577
1454974
808950
764761
40 client(s)
993386
789559
486229
706084
867967
601196
776348
786856
885502
852499
591210
841049
464695
524527
908392
774050
768899
781969
845397
779928
459548
983427
971381
1080885
1086574
1143970
1104755
1328960
718538
836970
694781
742477
950813
972195
988847
1048513
689433
1019688
1021815
2070281
41 client(s)
851308
788574
853884
781796
710043
913544
784736
831168
509720
822959
1007971
575987
1144336
873750
750712
752067
1090527
803818
707416
819441
555901
771266
421566
915403
903132
943947
932932
798264
1064989
1076038
1109402
1166709
1203003
1206143
710455
1086291
1190823
1129540
1177490
1505286
774139
42 client(s)
879666
475928
893192
663061
833812
789474
797418
630957
1240147
965967
621983
869283
386625
922305
892094
526428
904763
859431
940825
781440
548410
776544
384484
754351
868585
788062
712879
753057
802516
732676
924148
917103
512636
948613
2513382
859780
930934
938709
660014
874267
838924
1392410
43 client(s)
520083
1069299
1035277
460317
1008496
795354
440896
850975
1222081
1385862
586774
864080
494697
596126
967014
583994
772102
1303378
795386
929724
878468
873019
496015
823801
1002359
1009878
1027069
1052165
1102574
1058586
1001330
1203657
623830
1239545
1481671
1410010
1747309
550160
891728
623496
1339033
867526
653682
44 client(s)
808322
871444
798323
781662
653949
969785
728256
908953
830068
584717
747466
741636
1191598
796443
776444
776481
561436
776076
752804
514526
438453
793604
849090
748483
369260
811205
942748
1011093
1055908
1168407
1172270
1224089
1373170
1284893
1513925
1184729
1666449
761947
715605
974827
959267
1026009
1031108
2742887
45 client(s)
953518
862174
683020
821152
460640
976048
848226
954314
588521
961272
729761
977867
527485
471200
1076651
781882
965948
773576
412831
753307
813864
654204
1004557
873315
660682
1075551
1128591
864256
1246636
1265002
1267532
960899
708445
1071852
496920
916734
1159915
1064829
1156356
1256227
1284650
1304161
1336770
972204
7233668
46 client(s)
774822
451745
749956
740477
513420
794428
975952
911409
861249
954837
657455
1162026
934117
579170
955669
1082491
938453
609813
875302
562535
919102
1071680
854241
736618
540865
702550
883325
861127
944062
784488
688306
738945
866414
647196
860776
778847
597379
820254
589299
954204
967788
981920
1019029
1044217
1045726
1074401
47 client(s)
908667
732055
539578
508175
665714
994926
614249
999582
854944
727393
678157
780042
954780
870679
525429
817894
1062434
777122
889823
698409
884404
917044
836327
697058
606917
710858
848494
980117
950227
1028708
1022966
1076311
1124461
1128104
761138
1140789
839877
703292
5056849
653894
975556
976987
1012316
1033868
1040420
808134
5091477
48 client(s)
870474
978364
433780
908960
899182
798637
749105
886502
697075
1008886
904248
716983
572443
765998
499710
728994
448999
850199
769422
868340
624968
783191
693741
862391
544094
866631
631891
834765
778032
503603
549435
1053473
358817
782975
726521
868194
553555
977136
784150
796048
639916
4147348
767357
623247
780266
484344
560995
699775
49 client(s)
937571
755952
1050559
861647
478124
980495
837537
1159805
877520
747297
546325
865382
464280
839877
581244
456991
970409
841212
952853
957306
897791
579063
785481
1043119
1017325
579585
1045062
950807
754465
485322
762474
836595
847007
837114
756066
837822
655104
813840
921512
846745
642219
729575
426885
801245
793988
910534
931785
987267
643930
50 client(s)
867476
777683
731006
935120
957859
716999
790335
542909
742408
646274
912606
713027
881178
516639
474464
868568
845604
847844
473320
982671
776960
481853
373413
878924
783357
456590
832656
730071
786452
724575
816885
854428
695339
826449
797610
655480
913230
760659
858852
865466
868091
891664
838714
911022
913600
947023
873606
465427
628708
525498
51 client(s)
1002941
604903
598029
1144385
916284
1060298
954258
931313
960997
495653
940079
926905
509880
896583
761312
507676
828527
783207
745519
432981
787994
868890
938112
1032095
1007179
815222
625646
822627
660851
514870
906927
825311
671897
628511
529273
841910
816033
894723
1000459
1006238
962030
1017827
1103152
1143279
1223144
1277145
1362352
962195
1392809
3806796
3932454
52 client(s)
895706
498186
778262
485254
1042522
807167
872988
568577
874066
736075
768624
696682
686370
1063487
917095
346377
1020658
414536
1071024
863126
877727
409742
772743
851106
474749
1082771
664452
926505
779566
843833
751994
987935
690079
785276
662124
881593
615077
646020
786206
650987
925347
1412523
1076685
1119550
1156380
1172697
1178714
1168558
1229284
2908737
959507
1047956
53 client(s)
1026561
623379
799027
772634
1009210
797584
1317527
1029882
452896
888775
723892
983305
813860
763662
522908
828364
617694
672376
772432
705354
735038
422631
652909
782046
512714
901221
663350
2207308
836795
612418
750602
500271
836579
919747
699346
952304
804399
776802
854132
590608
556293
815363
809801
898355
970824
929794
918125
616840
628528
1418776
2164925
857107
1003905
54 client(s)
762530
818531
747708
465841
793782
705481
504854
955553
562638
903467
785233
722149
736285
758697
715619
897300
892736
801218
659424
986319
545758
847383
565347
812787
562189
836694
486642
779415
799360
758669
909251
1034964
722800
601065
925282
772634
653180
776395
920973
532475
963902
1027044
883362
565031
931640
847126
651543
511624
999221
790806
808805
810791
918582
954817
55 client(s)
947074
636018
536325
565855
1023364
879988
991440
739915
427142
875907
533861
845093
859018
762297
550450
850235
890084
456237
846613
737585
798020
617435
814627
827054
800701
570042
503744
681962
407528
714882
844299
860703
502161
856896
524625
907029
841377
726061
764913
707316
657349
689314
792722
845673
421949
787116
760627
349412
597290
778341
841593
746254
4778811
4871496
750157
56 client(s)
820631
847585
528087
518633
1081133
814296
703749
694402
399631
889482
766227
473151
894185
782035
566049
768322
777884
534700
528862
565367
970661
671448
881430
521600
894463
858446
384052
825892
555365
701008
377645
832059
757653
528649
744239
1089447
756247
429113
841623
798142
483064
817195
788434
926769
935609
957131
1124368
1128560
1131009
1113252
1069740
1470167
2055770
2908276
3049029
794725
57 client(s)
586097
430057
771060
687119
876803
854023
440615
894975
768768
962546
555904
733257
918114
894886
710937
776525
480576
823325
859105
507262
474358
845509
814689
728106
396627
934295
767101
483552
884547
938601
722475
430411
775933
365635
690097
711927
786432
420422
818851
749030
767761
507381
815210
467601
835600
721193
750848
956373
959586
943174
900364
1044254
703891
1641281
922890
979827
786556
58 client(s)
771756
424761
879935
848530
835722
526076
808020
799566
809083
695864
874677
947956
864541
771428
582782
660956
885138
838400
757418
452290
462002
812461
794504
827493
923042
402428
744951
713103
707026
637097
775626
481353
648033
723444
694683
503517
929374
930357
829547
569506
859709
620092
954851
606381
822343
891528
728965
1225988
1164711
956303
737727
600796
508701
1044910
812808
873005
729624
644435
59 client(s)
772938
574528
911158
1061074
396793
782287
463106
851010
970864
801915
556313
717673
501422
914721
791095
747194
779736
628182
830923
772607
780824
455754
969839
706681
811785
772977
834011
585381
807998
798718
412289
413948
822989
487016
656891
849722
820816
913261
720635
517964
711744
402957
550604
824300
780006
744318
723947
473627
1014732
823105
628622
778297
564654
659733
774374
833772
852456
845977
904175
60 client(s)
861641
926528
865989
817324
646724
498186
733461
1094824
383956
781164
464650
827337
542814
859724
598369
942872
833310
562975
827976
779818
620261
506275
869261
1078002
839288
840822
732209
485535
789510
494910
707240
598067
1160198
920119
611710
537480
954521
451330
833842
846457
1210329
1369093
1052410
568117
942092
818480
842704
365841
702890
505147
848719
774476
551868
814105
749621
870381
676081
718725
833326
854128
61 client(s)
458120
752572
439859
768273
701931
850994
728939
835458
571010
983684
662278
395306
694429
548270
953999
768643
429891
539959
832531
741371
819769
820773
882182
1093574
749623
493509
673706
769485
838034
476555
856504
643984
893138
815909
407289
878879
526806
849514
774291
813845
464885
476784
728531
775204
481834
864994
772852
620299
444227
783516
436370
745691
902349
421143
580721
996820
538118
830506
878842
994900
994379
62 client(s)
1008910
806836
824258
764526
780745
994153
712865
530482
1067829
500816
821508
935260
594872
843332
781535
563799
836027
577849
849023
702143
759626
830769
1021610
712185
706597
778064
957259
860579
518851
602522
999910
1007317
904254
825477
986756
805775
838659
810749
564374
1082384
756427
1145722
1258521
1390674
805934
1202205
1362144
1140795
4118377
855940
1017657
1044290
1096369
1078849
1075987
760764
1237834
796949
422535
761809
1087896
829833
63 client(s)
1314633
939260
1010418
555637
533889
693667
911058
474073
911361
940049
621194
756222
616397
1148549
439092
918045
575888
811429
782208
784263
928688
568344
855556
680859
1029721
1375556
1244049
1010875
962011
775456
875231
897121
613105
748158
745968
610754
905373
909284
851996
625462
555766
698038
890101
875745
811045
781860
504656
757139
891160
933430
713275
1882782
4698033
2587222
4790971
4433714
4401871
3022252
3426200
940355
1602467
1979704
785309
64 client(s)
794000
1399443
518052
1011918
840078
675080
640965
1060603
764774
669921
2199283
1747476
477817
1027595
1208106
1936226
1855450
846362
543462
865179
853786
684377
876109
934296
769948
946105
820353
645600
960980
554457
402737
907221
1010588
944325
697338
1024288
774372
1043541
1226139
1114581
1233442
986398
1113052
670231
551479
945858
927260
805669
558445
724074
1013924
1156799
922309
1123447
1182668
1195041
1209433
1278937
1280190
1359311
1359614
2011967
2059034
2410170
65 client(s)
941027
554195
938371
770388
490124
934498
885355
599642
575208
690251
833729
847219
804747
540687
1032218
734558
972831
806333
1093361
826027
979695
1190870
611989
1198062
1251182
1202409
1266378
1257148
1317182
1038951
513761
942542
800732
627594
1090768
833939
804103
729077
755074
448190
752395
479123
1059219
804551
815063
902339
642632
773197
809141
940026
846855
657803
1043616
711185
891909
1163588
560477
867139
1195969
914544
586692
1060580
395615
1439772
1832320
66 client(s)
713679
1052772
1219432
1260034
671674
1311066
610478
593765
578201
829275
702047
853029
918925
1171326
911638
785801
1082398
807588
733491
1134022
1128224
1102712
873945
972565
646115
844386
1635657
1069405
1414112
977239
1005995
648501
1193003
1273498
903131
1233869
1048468
788763
842782
1003584
1204085
1054251
1172933
1105625
1162975
1166774
1225040
1341894
1355022
1438462
1079879
928035
651239
1332412
748201
755354
1199292
1899429
963505
1096021
793340
1047684
1622577
1636922
2887818
1285227
67 client(s)
899604
1017334
752236
653123
1206101
797317
862683
1220988
966072
1528430
825783
786589
598475
839493
912552
1041661
1304806
823524
1108540
876831
885640
1079832
1178594
581368
1000711
743107
864034
810426
1078627
719914
1086751
1295740
938586
564340
866915
1075571
1149426
704024
1096884
658049
1138509
1229009
828292
766828
519955
953872
1049603
944958
1098964
877329
747744
893534
542088
777214
978421
1024204
1041071
973846
1016802
683546
794398
945821
490398
849932
1510745
1444636
1099734
68 client(s)
1320655
1237949
1714802
655877
1008795
1099441
941036
967242
605891
918063
863898
775400
508392
1302599
934005
740998
1108112
612024
1018773
1141948
1064741
820243
837111
1007675
774252
791587
1098818
536639
1002435
872321
987555
1106588
597821
1055196
575101
1293590
968960
1141098
1017209
844972
560977
1012676
1311921
689938
1082162
853711
1234485
1733832
1450860
1452682
937598
1306513
1162655
1624186
808977
2615387
2313937
1476558
1597114
1606670
1365736
1276753
837821
1399293
1043866
1178679
1060087
1188332
69 client(s)
750367
1969351
1011317
1145700
1149998
719891
514573
962769
672032
994689
738169
766293
1121743
1001754
681822
1152325
994188
1199808
949307
1082542
754127
1177650
651788
721122
1330214
873223
716622
847895
1782348
630103
934288
1136505
1265862
818420
1019662
1105337
1121138
1142198
1326587
1307768
1418375
1164696
990466
627790
668282
1252480
920587
1130018
1231570
507536
914245
1065815
1139480
923900
1764528
2075902
681449
1723893
1698516
581163
1332690
1331034
1321502
1429397
1464653
2123933
2077699
2234124
2156643
70 client(s)
1164695
712672
1048922
1144392
1109671
882869
986870
1033666
1107671
940121
814742
566873
935737
755096
887211
1036674
839382
1256216
1012515
1326691
1057760
986194
728289
1092389
1017968
965962
603569
1138108
895497
686245
968132
718702
567542
1038646
1130208
1161861
1143973
1109955
670247
740432
1075283
1152874
1075894
1220995
927651
642589
894701
1027880
884382
654626
1005113
1042862
1022094
858962
979041
1136737
1140070
688850
1165192
1311868
1489057
916848
915769
1100684
924988
997400
1076068
1078778
1098337
984018
71 client(s)
789065
2706954
937349
2533236
3662072
1132959
2749986
1009007
1189312
926383
672460
941614
1300514
764516
872875
663023
1120297
899896
1091599
1164323
1383588
1198955
1050137
1236042
971613
914344
1214435
1253528
563534
1123944
1622533
609710
1031480
958822
803213
809831
1036970
1194892
637253
1227798
983423
1459109
1238054
1641774
1621384
1613593
1263559
1023072
939651
909836
1118987
1414333
886346
2349782
2627019
1839234
1847023
1848624
1220610
1230517
1254241
1281235
1079201
1244202
1175066
1450630
1141186
1690520
1198612
1547388
1869118
72 client(s)
1107653
973249
891283
992108
1155419
893433
620947
825073
1775819
1611568
704447
1220553
604059
1085095
666736
894596
1287417
632210
1113140
1171369
964568
857197
723861
834330
716926
907165
1123763
1386907
1639327
975114
1115588
701754
1039791
1020406
1224286
1175548
803293
1624686
1141589
1287930
957505
1350817
1338633
950552
715421
1192045
615823
836344
1140578
1148715
1305953
606579
1091272
717594
849291
1259504
792491
1033945
772297
696179
1298342
1039345
994830
972619
932579
1297198
3092617
3109056
3185706
3271584
3274132
3433398
73 client(s)
952400
1071109
783816
979684
1141704
801548
642445
1086144
765697
1150807
615806
934457
852939
1247522
872793
741029
1116299
2144633
1252763
1198680
647655
2095263
1289838
836253
874952
1075664
814961
538553
589893
713169
761416
1252087
1084162
653531
618536
576709
1283448
976763
622537
712286
791620
1323643
1913949
2105145
2039974
909227
532535
1871952
1270807
850608
588320
1347458
844274
976326
1037569
978969
1023616
761495
1642127
721966
1262722
1306092
877816
808903
2483381
1030409
614353
1513180
3515457
948432
1886532
894716
1002143
74 client(s)
1441361
698757
1097980
1535340
2407738
682127
698763
1271483
1131519
1198173
520736
911146
1611770
1259796
3053104
1147289
1180164
522581
924512
900355
963975
511774
981273
799568
1033467
1265069
1024716
575621
801054
859703
1019918
834646
1285790
956659
1813602
1022671
1187182
968219
678206
1037872
547224
966307
788248
1043932
1006035
1019931
1355516
1147969
959280
1071048
1014027
1329572
996357
716010
944634
1280889
792774
657969
832880
1155737
1004545
960350
849119
1045110
955794
1224354
1263429
1264913
1277108
1077280
1285735
2030259
2045995
2147904
75 client(s)
621746
1421577
1136661
1600757
1618696
1992488
1062061
1013142
655167
1068901
1140048
1100956
715294
899069
1772165
1088984
1137953
1118149
871170
1282488
1008956
1206802
1421726
1094454
798913
931107
1299839
1249109
1149993
631457
921250
628241
861225
950566
505011
1012924
939182
869847
922738
788249
702186
886320
1023286
1082940
2847433
2694557
1528476
1782207
1166425
1090406
609017
985372
1530594
923518
1027974
1357533
935663
817561
892676
1065925
553908
980202
946066
975578
1054427
1002428
1082478
1102811
1109496
1265871
1176105
1702388
769007
847909
975277
76 client(s)
454295
939670
552797
730025
989115
1048439
1024493
760722
627810
1199408
929747
635700
998914
947145
1974102
501321
1263152
1123863
929383
945636
998406
1222579
1078165
1030784
761653
984827
876223
662936
670923
763020
1230980
1140478
1022127
1032681
972479
1071483
1231722
1470173
795843
992116
1382903
1860080
1757157
1792001
1470335
823936
1216189
1802494
1053086
914064
818848
658049
976053
735249
939850
928760
857738
1025463
1268819
1378519
1119263
1067300
1157483
1160328
692828
1249470
862170
1365554
1368210
931935
1561496
1377798
845421
925829
955687
903788
77 client(s)
546186
856491
538090
1431729
1529965
983474
1609848
1485579
1145947
601408
840843
988743
833812
1086672
921713
1010524
811951
823256
1177931
605810
995068
1066488
929352
659819
672264
540850
846343
1340436
532187
941972
1044875
722407
922400
1463410
530661
837930
772081
542598
945048
903774
1013246
567091
1123697
684310
859786
1059060
758828
952304
636554
1179800
923585
1035243
680615
1186048
725227
598190
905391
985774
909415
1278883
965607
878805
612286
483405
957972
940283
851451
572359
1228212
1231906
1288993
1296279
1301248
1261135
1333004
1304726
975978
78 client(s)
1476779
857794
1236766
652512
554949
642123
903392
997351
624464
950430
527674
777450
1378302
1394818
1316877
1944013
721810
572209
1026927
1012351
752698
559278
962862
709006
1120611
783246
1138476
958316
1016503
560767
1183416
1279038
1220278
1038703
1311078
410861
829769
556854
568222
1233991
967948
685416
1036193
855608
602912
1105026
756577
878190
480558
965862
1173720
1305749
645167
1049083
1438163
892803
586039
741761
743311
545072
1012468
952240
943034
966251
499003
825847
915888
737196
1205743
558286
736591
994850
4436956
4425258
4422285
990578
815689
1058693
79 client(s)
903115
1037431
645561
1187062
953906
847352
689301
1036402
797946
764475
948471
1259691
601077
1372207
1250493
801245
1004520
1662184
1432176
1460825
851562
1283545
882974
1051844
842125
1013358
540670
1214968
1355915
1246174
970453
2571363
696536
1085387
730549
1440641
675340
864536
551826
1109742
868679
644963
900911
1042545
1130537
803015
1101277
592794
1000750
762433
1204610
810869
866681
1313172
1142591
650157
845175
683200
1076416
983697
981885
848481
1317018
1338439
1118006
961225
1121515
918433
940630
945977
1075843
1021006
1080584
1036410
1094930
1461537
1548384
1556114
4033331
80 client(s)
1710313
733761
957766
842056
1202298
1033220
933072
922200
918071
698889
894806
714046
1109395
1629617
873636
1295508
1540453
1047211
1105401
932462
1202085
957994
670910
1284495
898487
760982
1811897
1532591
987613
938720
1068591
1011073
981881
918895
773707
1011763
1213631
981012
972979
1140635
936996
891964
966312
1204099
609097
630207
1090532
900294
770349
675761
1039222
762511
1147124
1024888
840138
795573
1336040
1705969
1021188
907832
1008585
1065887
1168167
1194049
1187022
1230278
1233590
1292049
1435648
1495162
1565509
1015149
1197491
716616
1650928
1741648
1284313
3017550
2704359
2911983
81 client(s)
825001
706822
595722
959144
1246023
1252914
988641
937732
529075
1050563
946879
1100305
1392821
828190
1159370
1035296
960266
585227
638293
1150157
632771
1373664
1018808
814237
903161
1060554
1107509
956495
1051265
918454
986046
1087122
741704
985272
718053
976798
909367
955773
543755
1096209
1047654
703482
1031420
994401
948508
1037701
714262
1043840
653793
678507
1334305
958091
1134172
686153
934769
941453
1087074
981012
512332
975686
919097
592873
857343
589109
532482
868006
1621510
964484
620705
733224
605109
658469
647520
1060741
1071798
579888
1064731
582841
1101247
1307496
4678401
82 client(s)
1012794
949677
695160
922655
1083186
1388290
3252589
3692409
3425234
2148514
2715415
2291777
1654861
1301389
2614666
834157
520387
1120942
988776
1289884
1046508
730557
546374
1353563
1111571
1023274
766022
705884
738020
1198073
488174
1085348
1456912
1375426
1040980
663105
1199692
568912
998314
1095356
1175047
1012100
927197
950081
433439
881159
1471527
885337
708270
1591328
1473539
1560813
1062849
861183
635874
665121
1089311
775416
851969
1669484
809944
1190426
1015621
1167955
1245161
1304600
1720670
1639494
1691448
956033
1471489
907645
870598
1255835
1084662
1417898
1162938
1185140
1731563
1003443
1167646
1102334
83 client(s)
725239
1202685
1062339
1515959
903245
1246482
510274
1096668
825814
876233
1057503
1102480
519412
560484
838881
983967
1061079
608653
727565
1016696
1073767
686611
845993
1098119
999730
1056928
802909
827589
956997
826739
909892
747631
900836
1343370
754445
1343372
1179453
918651
953616
796666
748543
1199789
859225
1186914
1532313
1483405
1006932
1016396
1236032
815807
1402504
1236784
1171589
1014284
1396595
2434634
2843560
2870957
2180148
1650602
2575029
1113730
1160089
1155252
1402269
1112338
879185
613586
933049
1394170
1404330
718751
561799
1486117
1527166
1535219
1683161
1687256
1608583
1696155
1698242
2173120
3726894
84 client(s)
1608827
1346113
848663
970603
971933
615691
574974
1009290
1088816
1041865
1056186
1167285
873559
1323724
1110767
1299431
1026348
1201852
1076463
1310957
1414377
1026906
862399
648108
992058
958106
860085
1164642
1236551
824803
1134606
894805
1135029
868725
510562
969347
607392
557138
908136
877761
444081
1241373
1096043
1140259
1111630
1775386
491598
1476924
1029602
1208564
742228
954861
852277
664641
839807
514383
886553
934531
892539
1805633
1230517
1141267
1096987
1244203
964458
1378787
1723356
1402921
1510166
1405606
982272
760650
901394
758208
1288064
1131555
1057233
3395492
3235007
3137279
3627967
785582
887465
917490
85 client(s)
990009
1244978
712917
1233996
1149911
574518
486084
1103178
1319853
1389735
1320195
752525
1042251
993457
1220834
881095
593811
979117
672571
727770
1693612
820652
1481553
772622
1833071
952147
520619
1546102
1211855
1028292
797268
1071780
1084421
612707
1070425
1436705
1166466
1446713
1443074
2353793
1877896
859555
1036435
1109349
1342796
943812
986810
2206719
853350
1798582
852963
764072
1037825
663730
1084332
1160665
1091656
1269680
477178
930947
958051
2377530
1180789
923505
1579963
826657
896882
1310479
1085844
913321
1790770
681255
686598
1082658
904093
1288883
691300
683385
1222696
1188084
1068282
1148790
1235410
1238963
1248054
86 client(s)
691889
1276667
900456
1385574
595994
1074003
932093
985377
871120
996726
1078420
877102
558747
1070886
1194001
1007968
858032
979098
1559545
673342
1003724
977947
913195
1284552
1088983
1072923
879128
976059
552333
1205362
954166
715988
1053857
601422
758666
1178306
774843
1139527
1316231
867161
727381
801321
1283523
747647
1040156
972845
550694
1321462
1125864
719052
882271
1215271
1066833
979444
837233
856906
1090220
745897
476451
902741
838405
1008597
827082
1169723
1588100
572842
846200
3114105
769488
1161679
1160821
963428
1216800
510144
1382243
1982947
1846663
2478632
1885829
2147883
2742772
2219767
1021857
1191896
1257991
1265189
87 client(s)
2554520
1838412
2122749
875643
1373826
2364280
1163449
463072
925431
1108813
703717
789213
525522
1121161
646160
935401
918349
826658
849143
719748
826366
1026932
997513
924343
847882
816239
780056
1031001
1722533
1863346
1844935
806102
702835
1008706
618579
1334198
840263
997487
1100193
1407779
868896
1027580
684703
1122787
1135300
1152333
753454
438335
483263
905785
880927
725208
967503
647686
2906038
2113266
2060494
1727941
1405623
1040665
920060
813831
1178423
883371
1156815
873016
1071246
1198457
782301
943928
606326
1064017
698455
933191
600410
760056
790150
1011753
747140
1021366
1042501
1204625
1355133
1350744
1411113
1321871
1932116
88 client(s)
1338287
2070776
1356417
1039790
1497733
3316631
953308
642390
801302
598144
960647
2174919
1376630
2327418
1200646
669165
885703
1202099
930282
1162975
668455
1138314
832603
910990
1391887
1287892
1423909
1156306
619286
1152219
1564664
880687
1118208
1065832
972243
973542
1073501
632631
1332817
933563
1156118
862495
971955
1484059
1126565
1062546
1061025
494796
834938
1627380
506056
977206
711564
592639
1367016
898134
707995
965771
640181
774924
1132128
1120040
1456281
612082
1121329
1123011
1505995
1553342
1179897
1249723
2185529
1714385
1784039
845230
1410383
1517268
1291143
2346610
1370703
1104838
1231801
755223
1985058
1002041
1918101
3195703
3602883
1055822
89 client(s)
578974
995750
826267
872294
1036807
667661
995341
1169233
859339
1209762
879069
1959658
1028401
935748
995390
1039668
1199728
962786
1116468
898962
702639
956043
637170
962655
1106407
1211161
1497573
1375971
1008306
1185582
771211
1123903
845866
1017228
780746
1071071
999820
1177705
1294393
758559
1170035
974614
1193643
759846
646777
903418
943310
1238189
1014924
476460
874045
1012540
1303405
910545
941748
705337
1745778
938000
803816
460613
884189
649798
878819
1123177
708607
1127271
725927
1026462
1127924
1159737
848897
1258636
1348307
1139480
1106515
1219317
1285610
878842
1289674
1292759
1229320
1325183
1678061
1376345
1240729
2698134
2752716
2644722
3706942
90 client(s)
2047343
1694160
4879149
5601611
6097962
685259
1065639
5801798
5691633
2681640
2636093
1310596
2610494
1295091
1127813
706438
762477
1181787
757627
1706739
1065435
671051
1213233
1441652
1543385
869105
1996707
1541193
2995629
1363908
3074200
3662420
957239
930354
1392385
885438
1165979
665366
1291619
1047805
1312839
684933
600236
1134657
543592
907508
1104682
997393
1057433
736351
1047290
1164112
832405
753048
1265962
1064952
821197
1085005
950213
767248
868380
1361851
889154
1333776
926527
1622703
698893
1151625
1103517
1055215
1315961
693164
759998
684992
1508836
943114
1039153
1055490
1390027
1294855
1296524
1300702
1248830
4119324
4121183
1093063
1374826
1374899
2011547
2021935
91 client(s)
2225409
948957
1079362
1589190
1561068
1809038
3192162
773624
1105786
1290296
1364141
693155
886949
1234045
1404922
1184007
1329150
820300
888504
978888
573551
1101724
969249
932951
627170
1085967
1076030
1164113
1415916
1187377
1023373
1309363
971634
922273
1042196
1250560
731156
1148612
1027318
1094279
1097302
969150
828323
1018894
733128
1049248
1039128
1032916
857338
806807
1314135
1010689
616459
1097631
1131550
906151
1123433
932905
1126828
1043724
943778
1396775
794324
970565
739352
514331
869446
1038223
650917
1124955
1915587
1218025
1398059
643421
917835
1377792
1334023
1437605
1372509
1456080
1345445
1028898
1531191
1544701
1499804
1544946
871235
959433
617480
1251981
989706
92 client(s)
589411
926334
602773
2291591
507018
1207098
843259
1032563
782563
922480
1325009
1057989
1570742
1320135
1965652
1504286
1389546
1554196
1466335
1399161
960761
583236
1101465
1122887
1223327
861023
922287
1242979
1098753
1582550
1028718
847310
626543
1137102
871816
924135
1246900
593673
1062213
834368
1264505
1004283
1192326
1047260
1860431
1752506
2087089
1746008
799312
1169956
900429
897192
1417459
937401
1119832
712859
821585
2314346
561177
990636
993161
768225
598925
1105874
995925
1140286
1262601
1333202
1112248
936372
1039990
851872
1139304
1020578
845165
682011
780656
1072808
1412100
1015035
820437
1320751
1043007
1376550
738856
740353
1091259
1674288
1682712
1676134
1017950
1092593
93 client(s)
1204519
900452
874160
1199765
1209636
1117670
1124622
879673
1530725
1213628
1029599
1401541
808521
1296923
947536
564601
1178275
1531652
687584
1237675
1145327
1291218
1257270
707453
639966
1126550
1150737
1172286
957984
1081743
782053
1011633
910689
905903
1270090
780886
1294366
1897928
1811651
957250
745454
1163359
803048
855316
1309424
1537344
1448509
1318710
1033321
1040031
1136165
559766
1342628
1336224
1039480
1132424
1033666
1042231
685251
1031547
1192254
914463
1265455
1590947
519896
1211820
1064711
1195513
1147619
586058
1185101
933731
1931517
1169407
1903280
1043662
977651
1242992
885820
700099
918777
658347
611656
1086488
1214466
834328
7504212
1084793
1202158
1207476
1274605
1279559
759484
94 client(s)
1158343
1103613
1146686
1157144
530518
971534
853334
916970
1153346
705327
803327
1377186
1117860
1042204
820476
1086219
938885
1024633
1061407
1027033
697586
659221
1125232
1138089
1061301
877782
1034102
1036433
673988
1122843
1471840
1642574
993447
1107731
1655796
823604
1823610
3125749
1181914
867939
1313077
1268028
1561511
1449708
542463
1099018
892656
1167907
873688
1363319
1207999
949225
700810
1013842
1401737
1470477
687687
1038507
1021673
685399
1163162
1407766
1022637
857678
535906
1126663
733276
951800
796570
910695
1296799
1308706
1689838
963849
1453040
896475
1199831
911639
967969
1021207
817286
926880
791045
1124871
1073187
1206052
853248
980545
1269236
1275171
1281954
1312731
1270283
1343964
95 client(s)
1530941
990155
1159828
843946
931281
799626
857115
1299619
753039
1260709
1071138
969233
1277702
1858430
2180040
1002892
1392868
883666
889377
1072384
847586
737799
1035227
998739
802980
1028723
954791
885167
803384
588706
962460
1079412
892425
1035461
1005257
556431
605468
999841
833833
1151652
859024
1300272
1371305
1140356
1045270
619593
1185595
752992
888645
634760
1021686
671139
1288138
759796
1111246
1218735
1109296
1004728
1022752
1027689
939942
918838
913929
1061341
1091004
1026355
1023895
1795222
1332120
1384863
1167904
1143950
710555
989431
814823
1485543
1087674
1039105
1183283
1056466
1275663
1094196
879985
905133
1125225
1157367
887781
1381319
1156946
995865
900065
611759
8911128
7846939
934532
96 client(s)
2798071
2425783
3435029
2267352
1888998
1210582
1133075
1404835
958091
747870
722864
1135126
940240
589014
1091617
1044385
950260
616466
1139252
948527
936536
949382
824609
1049109
1084548
828068
783863
1228746
522799
996267
828033
1064790
959547
587516
555925
1476336
928710
1307163
1195612
650165
1027974
2487606
1328316
2365550
2383026
1378008
1048781
2416298
1183980
892089
728765
844859
704015
760118
912934
732048
458671
583495
1203204
1000690
944285
830642
886165
965034
1071856
487783
684686
1088613
886375
1054442
443019
770754
1024513
790877
1209838
915172
1170134
1114575
741521
1553808
702755
439504
916690
642788
3024552
2829900
4029608
3822256
3654741
1294265
1330254
1334463
1338476
1340547
1354722
1430001
97 client(s)
1761479
1709939
1013938
1506220
1341212
1097751
1104737
494344
1214345
972992
916614
988032
800314
1103809
575188
1079094
1403403
772458
976400
1140623
771473
923829
1302239
939391
980033
650555
897830
682749
971934
875323
1091554
1035925
804939
974661
594278
966444
946418
822694
948209
1083860
1140641
1275414
1484381
1226651
994542
569116
972264
955900
939759
1159499
842711
1231007
1225850
933668
793107
958534
585926
1053992
1035913
1183658
928181
550546
586038
917933
1194859
1096161
1139419
927081
656080
925444
820057
698888
587357
1100675
1233300
821847
655416
1166997
1146190
959743
1281089
893210
1051974
876465
785074
1578976
4335394
1788575
1796695
1803495
1836253
1865255
1865620
1869217
862992
958399
1228571
98 client(s)
1428322
1071005
1984621
1488684
774776
1014509
1218210
814135
1056304
1013222
637998
1021255
1205177
1954164
703295
803653
1191076
1191799
1100890
557433
706111
1037028
476868
955451
749647
1069381
1030522
1064528
1106022
857933
802667
895337
546533
1107686
1343212
868619
1062704
780979
1233570
1140940
1278777
994914
1103816
1225987
1153677
1142184
848154
1528376
913922
1586936
839930
1563062
1124844
960093
1140747
826803
1172584
846731
803728
1512859
1492250
1411061
717383
1288674
1207069
1095882
680513
1366928
1246945
965709
927655
895790
682689
1244995
956737
1391051
1037996
1376578
1069654
1092176
1241015
911773
1463001
2074466
2001504
1228467
826440
1266589
1411877
1085185
1041204
1013608
928046
1024250
1032214
1438851
662706
1233007
99 client(s)
1500738
1406653
1539925
1334243
1173241
1556764
1615814
2944996
1227981
988753
406627
1135087
1182283
999125
1101201
770278
1095972
866479
1429480
1206608
856328
631786
987952
1324069
1107749
993918
770178
998906
681587
1021070
747660
1845324
2257710
1378651
439649
636127
1257030
1172422
1067801
1048409
715636
912149
1449856
1238339
1093166
1325879
1246916
1091609
750204
1062596
1113567
858858
747608
508735
909697
1049316
1135399
979490
1242029
794798
1078508
680434
677307
1202478
1213994
1155470
1208409
645471
767865
1351044
483600
809466
761804
652154
1067539
931693
1204328
1038352
473942
690932
1367060
833363
569799
570355
732913
720550
1214039
952403
911091
855916
1315707
2078789
838576
984539
985996
993705
1001540
1006756
1007679
100 client(s)
2529585
1508261
2312177
2409823
1378726
1014197
2536307
1019516
1000550
660701
959401
1214244
993618
652441
895219
1151076
1052308
744485
1049398
976032
795924
1170475
1355201
1199945
953781
872317
729623
962839
1028382
1065915
1337226
1707691
803306
1250276
677006
915940
462177
724441
1242926
1144927
1148128
915378
659712
1041608
842547
883050
945822
733448
1073139
925147
1179378
1310588
1155250
778877
738884
1114628
969089
687355
1300161
1114043
817341
989959
934125
1103388
1264744
975271
895451
631644
769408
1485355
698246
547461
1509196
1104814
642500
1026683
723257
1076104
706496
1043888
1025956
1092389
808498
829177
1101019
1120590
1120246
782028
1054656
593364
1308214
1127042
960854
1072386
4680173
4739239
4758103
5270718
5424920
5499260
