
32489
21094
32042
23323
24746
21140
31468
22420
32974
35734
20247
31856
26138
29613
28883
21920
20615
19996
21009
20508
23246
36307
20663
26536
21327
19553
22317
36029
39234
73148
21292
20272
26830
47287
21049
21690
28267
19985
19760
20394
21460
22624
64183
20840
23037
20688
21410
21107
20608
20311
23227
34777
22045
28736
32540
32269
34408
27763
130236
21475
29069
25118
26083
25613
26214
31418
21270
20379
21873
21452
32043
22701
47651
21022
28585
42587
22170
46266
21257
19741
20173
106106
21095
32742
20397
29917
21611
26464
33844
25875
37758
21568
31704
20831
30474
19948
23432
21044
21592
174874
21187
21787
21750
34799
38328
20489
37457
28796
37568
25205
22260
21336
21203
21374
26971
58500
21951
21115
21283
21053
19865
20212
19997
60810
20176
23021
22503
21881
33126
23704
23864
37340
23455
87979
50053
22371
28478
21257
21603
22319
21711
22801
26987
33232
42937
36532
22193
34226
23065
22141
22642
21087
37025
180374
41745
26489
21344
20159
23291
22060
22874
22505
41131
25898
23473
22173
22697
144469
27338
44176
59790
149534
22546
22118
47415
21039
22703
21509
21339
38508
193661
94094
23042
23746
21296
21504
23022
21333
21087
21351
21555
19812
20370
19932
19441
22391
22158
29582
23150
20113
26685
25411
22197
38221
31243
21123
26356
21287
22278
21556
21053
20412
21085
19995
20619
22779
73376
21130
21149
21454
21787
21752
21850
39605
22639
21121
21953
32881
22193
45344
47468
21040
46287
20716
28436
19781
22205
21130
21830
21332
35892
21561
53738
20004
52397
21689
22275
22180
21496
21036
20504
22602
65087
20771
21957
45847
20324
19968
41166
20435
25914
34186
36372
33164
38549
36918
38394
38103
21984
23155
23642
21617
22064
21255
21976
21499
44455
20399
20565
39362
20490
41423
23103
20724
43894
21382
22176
23372
47714
21446
23621
44687
36974
38902
38020
22584
48877
29783
40571
21507
60006
20539
20770
51120
45364
25316
20977
21291
22677
21693
20992
21377
38366
23292
20729
21760
21556
21567
22074
23264
22377
21669
22318
52822
21994
20985
21578
30524
20704
19326
38712
26480
39240
36059
34920
21024
37192
35560
30609
20949
22353
26408
39207
40073
21606
41824
25747
43961
29311
21533
38674
20282
42961
26097
20504
19548
23219
38320
20337
43556
20550
23301
21031
21683
21733
21599
20183
22290
21054
21590
103772
20598
22239
21286
21764
21686
46271
20855
33959
19636
20297
20810
18890
22548
28172
22109
21678
21424
22309
22243
22000
21651
27533
42987
26231
22304
31218
21812
26524
46783
23085
22161
40884
45976
20728
39324
34104
21314
20607
36390
20910
32146
22051
21284
20059
21469
195020
22880
39451
41642
21013
22095
21625
22564
22334
21712
21266
21612
23128
50332
22991
21731
21737
21006
38158
20324
19938
43988
19457
31779
38184
36153
36195
21555
36594
37775
40328
37286
22150
42664
28257
22352
26460
21319
54306
27757
47902
36895
21673
36320
21177
22341
25732
21061
37847
21338
33741
26568
21252
21022
22596
22080
32686
20025
23329
20705
22477
21767
22881
49135
41151
22109
20971
39660
22217
51087
22179
21407
21768
25265
41845
23167
51588
30100
21043
33014
20974
20942
26793
20223
20683
37158
25964
29624
26086
31471
22571
30665
134021
20949
22008
22754
44475
21506
25947
25943
22328
21924
47673
22326
21883
31357
21950
21504
22520
52023
26500
21814
42439
20152
20706
20129
21364
21627
22254
100018
22378
20973
23586
20518
21534
54291
21435
22761
37366
38735
22078
20372
22851
19919
22725
22635
21883
21076
21624
22061
21694
21346
21876
19924
23914
21518
21307
20953
19584
19709
23964
20767
22076
21608
22337
22986
40387
39860
22041
20096
21012
21994
20671
21961
21249
21122
22009
20744
21843
21990
21249
41664
22440
21501
21919
21897
22683
21029
21203
20079
20047
20294
19627
20756
23089
22314
21603
21150
21659
21394
22554
43783
20775
20805
36164
21840
38688
21859
20717
58274
21341
22203
44994
22784
22098
21717
22251
21528
21397
21485
22277
21356
21599
21719
22153
20613
20715
20156
22713
22033
21255
34794
20284
22545
22411
20877
31565
44543
21938
20466
22134
31030
21877
22020
22435
32054
21507
20728
20706
21773
22504
93241
20824
21553
21977
153524
34423
20355
21127
21251
20420
20158
20540
20680
20279
22285
21734
21059
21010
20829
21969
21771
22274
21868
20543
21491
22492
21378
22606
21483
20846
21624
53628
23022
28370
34879
21788
20458
21887
21404
21967
22452
22652
19751
21327
22591
21648
19745
21028
21772
20232
33327
22516
23017
22259
20349
23038
22903
22347
20154
21616
22030
124418
22539
21129
22086
22400
20864
22914
22022
21839
22810
21069
58637
22006
20939
21575
21522
113938
21097
22207
20921
22416
40252
20583
29101
20290
19310
19347
20081
22627
22190
44950
21117
32519
21149
23013
20180
23461
20127
103542
41377
20242
21387
22759
21967
20638
22034
22099
21403
21480
20047
22052
90042
21273
21644
21527
37182
20577
21545
30023
21187
20828
21426
20253
18153
19158
19727
19913
22357
55094
20607
22179
22364
20328
21798
22648
37133
21663
21200
23866
21578
21533
21014
20357
21189
21920
22051
22079
37794
21991
21632
31061
21869
22124
22791
21393
23474
20519
34576
19664
19104
33802
25714
26884
27400
33983
20767
28235
22797
35555
21779
21898
34585
20929
31583
22221
20269
22146
23867
89216
22496
22247
80996
21916
127359
22423
21399
20445
21927
21938
40616
22103
22182
21354
21883
35781
20675
21531
21776
36448
20971
22549
19894
30364
20705
38797
19993
373312
20446
22829
22553
30300
92880
21388
21537
21929
22168
23356
22029
34331
21658
20602
22367
91538
22338
20501
21310
22547
21656
22557
22050
52061
21606
31293
20707
22611
22316
22052
21384
20807
22178
26022
21399
24865
21772
20290
21342
21302
19493
20235
19260
24029
21589
44763
21046
23571
20514
22560
21139
21453
22236
21913
22358
21380
21954
21402
21704
21361
51571
22636
20112
22562
21695
21710
20427
21907
21691
20325
22755
22170
20598
22791
20867
21704
33079
20139
22209
21029
20287
34760
20509
186429
20140
21195
23366
22539
21110
22025
20582
23813
22542
21425
20260
23072
22230
39811
21550
22048
21276
22351
20612
21915
22137
21499
21795
20653
22262
21426
22430
22481
22121
28492
23364
22062
21710
41202
44949
21724
20442
22940
21628
83912
29685
19895
72800
21558
19266
20442
23478
23661
22886
51204
21215
23074
29145
22570
84640
21565
21883
23622
22946
22261
23310
22627
20859
94643
22271
21439
22337
21516
21403
22882
21441
22633
56665
34974
21475
23251
22584
30056
20745
222720
21827
21888
21888
40871
20997
21569
21205
22153
20507
20592
20690
22505
21685
21931
20850
31461
31712
144608
21797
21877
20740
23795
21160
22170
21304
22198
22785
21717
21212
20958
31367
22416
22663
28413
22415
22738
21306
20646
21953
20995
22541
22859
21782
22951
22926
31742
22108
20603
21116
21640
35468
21110
169311
21225
19576
19806
22037
60373
21884
21130
27919
20883
32591
22526
38434
22018
22421
22320
21171
20432
127244
21687
20233
21905
20924
22183
22664
20770
21663
21543
21759
21387
22181
22063
21604
22725
20884
133855
22197
22366
31527
21710
28981
33154
20110
21486
21171
22556
31949
21493
20495
20290
30173
22262
22048
23544
21234
22303
21982
22815
20677
22699
20178
22580
21253
22326
20509
20341
30537
21120
20104
23186
29329
22199
36703
22528
189108
22388
21112
20436
19795
23292
19577
21851
21826
20594
20697
22251
20592
20460
21195
22990
21260
19978
20690
21219
20196
19772
20703
20150
20700
20426
22349
22705
117046
21381
33981
21136
22251
22164
22371
20568
21612
21189
23010
21003
22382
22665
20867
21328
21882
22998
20632
22408
21926
21606
21623
21440
20138
22897
20511
22536
20910
22218
21391
22667
21914
22632
20309
22605
22157
22540
22122
23649
45661
21993
20399
72375
20063
41130
23380
22908
38450
22821
21325
22436
21406
22052
22042
23980
21616
31823
22240
21858
19769
22267
46041
20944
22769
186151
22502
21084
22251
20302
43861
23081
21799
21932
22225
22169
21728
22794
22151
38639
22053
22147
22001
21619
88274
21037
30082
20871
43133
22409
22507
22279
18776
19938
20449
21213
28059
55822
22565
22651
23123
38381
20328
22341
23508
30081
23446
23265
24104
81372
32207
22404
20815
21872
22733
23341
20577
22882
22273
20706
22194
21224
21062
21311
21523
21247
20262
21675
21847
21330
92968
36906
21146
21661
19994
22101
22526
20775
22879
22682
20828
21971
25062
41815
19817
20015
22042
19963
23743
22404
31106
21028
22906
22795
20823
39341
44686
20988
21585
30591
21365
21642
20445
38741
27026
21060
23235
41149
20361
23119
22001
21820
21705
27627
21099
21480
21835
20221
47374
21260
21794
22869
22030
36332
21388
22970
21305
22292
20950
22244
20385
21586
22215
20546
21539
21163
26225
28905
19763
19853
22415
21638
23148
50126
20658
21768
47293
21888
20287
23077
20718
24675
21223
21041
22719
22201
68144
21391
21303
23062
21772
21593
20533
30983
30764
34177
20978
28422
21526
22058
20452
20001
21366
26546
21487
22326
22696
22086
21784
20876
21980
27398
20014
20324
28644
20115
20528
20352
19550
19874
35237
21185
20179
22825
20323
31058
37514
21424
20037
31301
22014
22179
21564
21488
95150
23496
21957
20792
22217
22436
20833
22698
20894
20437
23119
174120
20998
39468
21606
20692
46546
20308
21887
20528
21480
22770
21372
22545
21325
21820
21695
22566
19867
20629
28328
21288
21156
29624
28104
26438
22819
22467
27888
20615
23946
21935
21207
22738
21607
20995
22561
48952
23517
21295
23033
20729
22650
27511
20250
36050
20495
41557
23779
22138
22897
20307
21289
40849
21171
20915
21537
21648
22041
21340
19912
22560
20209
20593
30876
22160
20067
23056
21046
22579
21928
22161
20435
22978
20946
30409
21407
21997
82542
22735
22697
21974
21308
21441
19911
92913
22491
20095
22225
22343
22327
23388
125714
23538
21814
32629
21177
39013
20411
92711
30513
22361
21603
30623
21255
21210
22136
21634
21203
21798
21838
22755
28993
22989
21643
21651
21164
20626
35700
197992
90198
23090
21303
21990
21568
22556
35944
22534
20083
22550
21444
20405
21509
22466
21221
19949
21056
20467
20487
20966
19768
20333
19312
30626
38295
22796
43630
20993
22026
21381
19855
21834
21651
23003
21957
20779
28082
21466
22599
106132
72036
22386
25860
22002
22621
21694
21536
20964
22087
21949
21934
21393
44678
34225
20130
22179
34391
22241
33454
119894
21119
20783
33910
39584
21098
22677
38751
20716
34305
22204
21860
22205
21941
20462
24468
46170
31792
305912
20518
21662
21299
23419
47714
21482
21329
20639
22097
21079
20910
22188
22133
22816
20459
23294
21694
21822
20947
22865
28743
21764
41930
125065
21645
29085
21801
190353
34345
23120
20834
37029
29206
22046
21251
21254
21595
22178
21062
26235
22854
33456
22136
122028
22345
54086
96464
20734
29915
36236
20795
20593
21435
22114
22144
21802
20428
20366
21196
24782
20829
22622
46261
20509
22183
47715
20447
21848
21618
36748
20054
21979
111928
113282
22257
21754
22251
21214
21794
22058
21697
23560
22534
93560
21481
23769
20903
22427
21102
21921
20676
22618
83594
20419
21799
22067
22028
28824
30747
22405
23025
95442
20593
23787
36484
22455
22882
22410
21956
20557
22219
27898
22239
73201
37262
30214
21592
21432
20770
21165
24010
22289
22224
22516
31486
22351
26236
21535
45885
20871
57830
22147
20670
22099
22154
24192
21609
21604
21239
22047
22415
22278
24882
26375
22918
20617
21847
43531
20804
22428
20221
23661
33164
48535
21582
21365
20728
21655
35802
21141
23126
69425
32420
22412
21784
27113
36648
21009
21727
21613
21581
21574
21650
48626
21351
21469
21649
20386
20075
21030
22224
33060
21990
26190
20464
21640
21062
22025
21302
21561
20082
22051
21644
20817
21214
20379
22314
22283
20754
33119
21481
22183
21733
20878
21443
21447
49332
20670
21689
21588
20942
21734
21697
30969
22448
38612
21412
34252
21868
28855
21103
27781
20305
22260
35898
22436
21870
21969
20716
22802
37330
24031
35721
28859
20861
37454
28548
21801
20585
20395
19520
23562
26570
21625
21622
21351
21878
49910
38508
33246
22278
22779
21177
21875
36264
22248
21552
45600
20431
22670
38043
21856
21277
21742
21639
21298
39975
20994
21694
20394
20612
20536
19992
21242
21716
23100
23035
21446
22356
22272
21025
22310
22806
23471
22146
22331
20447
22174
43465
22508
20692
23024
22055
22395
20935
25518
21180
21204
19224
31045
20766
21343
33757
22946
30045
31640
39924
22729
21281
21757
21964
21805
22178
22103
21715
21956
20467
21496
22110
22188
22270
21392
20553
22587
22507
22330
21095
21536
21990
23229
21609
21451
28830
35327
21816
20692
22925
35876
49882
20321
22865
22284
21613
21761
21180
27720
22858
72132
22006
21725
21487
22391
21899
22679
40863
21250
22484
22091
22131
21705
33772
22042
21350
21127
20342
20514
23054
23097
66380
22922
20992
26760
22496
23274
22373
22630
37157
23954
21926
21690
53887
45483
21148
21455
22029
22571
20629
22973
21703
39121
23269
85548
22491
25121
22062
25023
23523
66688
22187
23216
53336
29441
21621
47434
22539
45988
22462
45881
22794
21076
23148
21478
22690
22346
21971
22234
30249
38929
22571
21996
22121
54911
21680
54276
21762
21031
20945
21929
20643
30013
80159
23209
22176
23252
21230
38522
22002
22636
21798
22266
30123
23420
22060
22827
21840
20994
22710
39344
29666
21508
22926
28620
22344
31420
21817
22668
21422
23254
22443
22855
22583
21447
30521
23305
22150
23104
21753
22385
24221
20800
49031
24023
21688
23248
22643
23320
22749
21914
36851
22507
22215
22145
39255
23235
22237
22355
21783
23609
52886
22285
22486
21517
19954
21636
21335
23942
22147
22653
21831
22357
22236
22302
22916
22716
21247
36136
20607
23930
22227
23291
21329
21559
22910
21348
22653
24691
22815
22396
20881
22995
46143
21694
21837
23271
34017
23558
30937
21285
73692
21956
21960
22361
20604
23017
51236
22756
22170
22423
21207
23103
22537
23390
21529
21896
22493
23207
22305
21250
20651
21421
19730
21828
20303
21455
23931
22474
23814
21006
22046
36123
21516
23543
23740
22640
22810
23032
36542
23302
20995
22701
21758
21647
23392
22326
22528
100984
21863
46138
21913
21823
22543
22423
21129
22898
22155
22617
21390
23630
21259
23881
23596
22487
21331
22005
22087
22880
22109
21369
22341
22763
41099
22356
22384
22020
38541
22987
21419
22496
39573
21232
22291
21722
22445
22301
22071
21306
21860
23187
22860
22650
36433
20921
21442
22811
21271
20330
19790
23658
22453
21575
20784
21189
22725
21193
21783
38850
21346
21091
20292
22087
21535
21269
21418
21669
45537
22358
22397
21411
20339
22858
22459
28704
21956
21571
39297
21442
21909
20297
29981
21447
21853
98788
22091
21799
21777
42691
20493
48439
21178
22917
21793
22590
21931
22507
20545
22035
105556
21759
22393
21956
40324
23181
20766
20997
20157
20186
25904
38900
21422
20614
19847
21702
20819
20690
20837
20328
24116
45835
20570
22431
21038
50788
22306
22045
22266
22166
21994
21834
21660
21984
22293
21001
44779
23588
21697
21559
21809
21129
21092
22449
21076
22987
90805
22396
22189
21967
21530
21837
22211
56314
29830
61784
45324
20797
38991
43272
21004
22357
22235
22342
21369
21918
21640
22292
22079
22350
21380
21755
20971
22322
20893
22165
21325
21913
20609
21676
19496
22068
21963
43866
21799
21075
19991
22241
18702
23121
21540
21437
21852
22165
21317
21407
21906
21810
21365
21335
22110
21496
21164
21983
20607
22286
21427
24815
22075
23454
29593
44634
33548
20665
21249
23082
38039
23404
23646
23168
22854
21573
21475
23173
20323
22275
47941
22109
22006
20603
21331
64462
37217
38697
22156
21697
22520
43511
22433
23111
22070
24019
23143
22444
21168
23648
22273
22613
21586
24942
22664
22693
21732
22050
21394
21654
22640
24253
23545
23202
22312
20200
20204
20571
22142
20311
19939
21197
21227
47694
22837
113747
150628
22341
22945
22089
21646
20364
20320
20975
21036
22170
86869
22866
22558
21990
22740
38050
22012
22400
57626
21868
22211
22472
21658
20706
21279
23498
22807
22561
23428
21685
21026
23210
48029
58971
23274
21099
20841
22493
20954
21026
23248
39489
21685
23461
22119
23321
23106
22546
21341
21115
21155
20783
21133
25930
21211
21669
20085
23223
22945
23294
23463
22985
21755
42835
22191
23036
22928
58574
22687
21984
37094
22581
22517
23189
21964
38499
21469
49508
22106
36882
22070
60711
21857
21293
22718
22245
21115
22844
20744
21357
20149
21883
20692
21620
20518
43956
22117
22718
21921
21163
22890
21801
23248
22944
22391
21013
21129
20142
22063
23180
22879
22420
21523
21178
22590
22714
20887
23389
23024
22984
20668
21994
22073
42254
21585
22775
21784
22208
20866
22455
23094
22735
22460
21634
19914
22567
21000
21431
82930
22860
22391
24335
21449
22088
22228
89165
40774
21616
22155
21814
23202
38246
22431
21212
22361
22208
20670
23044
21286
86092
21986
21468
22242
81416
22076
22056
21155
22565
21504
62229
21616
28422
22839
20896
21865
21012
37472
21604
21249
22292
21644
43758
20657
75952
21519
62542
21759
22437
21759
23230
22012
21483
21991
21822
21602
58891
21206
21360
20970
48035
19507
20539
21152
23171
22982
21156
21937
21582
22012
22712
21553
21197
21737
36933
22040
21954
20511
21479
22444
43689
21068
21900
56095
21532
20883
20651
21275
21735
20500
22485
36078
20979
22157
43562
21011
21645
20971
21762
20653
21143
21139
22177
21061
21481
21226
20371
21730
21989
21487
22416
59531
21350
83153
22085
20100
46112
21392
21492
21041
32342
20560
19836
39571
21686
20151
22543
20996
20057
21352
21188
20930
21514
20787
20482
20651
19620
22332
23675
21651
65351
21608
21837
20316
98311
37577
23245
20411
21796
45714
21570
21115
21477
21501
20992
21759
51692
21434
21609
22564
21464
21423
22014
21219
21268
22136
21371
21474
21412
22178
46156
21874
22019
21402
20571
20735
21423
21557
21017
23042
22075
21275
22384
46735
22376
20555
22692
48081
19732
19323
35391
19911
22016
20812
35595
21138
22155
20531
21677
40905
22546
21676
20600
21608
21626
21416
21941
20902
21088
20259
21494
19447
20423
22521
44621
21777
22367
22346
47991
20105
22338
21093
20738
21828
22499
22004
22500
21269
32003
21922
21850
21037
45584
19910
22051
21454
20830
22245
20794
25559
22329
45193
21403
21008
22073
21450
22783
21083
22021
29490
20603
22274
20290
21202
42841
20938
22395
20028
21821
20720
22479
20212
36139
22152
22903
21103
43454
38811
20608
20652
21777
21410
20671
22316
68287
21229
22138
21870
21871
21145
21456
43168
20336
20581
20783
20427
20191
19334
35472
22124
22082
19955
22910
20651
21908
21608
23115
22343
21587
20521
20723
21343
21560
21645
20674
48966
21263
22461
21635
20941
61557
20866
22258
20300
22345
21457
33699
20972
20810
22445
20523
40984
22253
21644
21692
20665
21535
21970
21330
20389
22307
21519
20642
21438
21438
21866
22135
20582
21999
21588
22527
39083
21833
32612
21575
21271
22259
22039
20365
29361
22310
21769
21727
22279
21559
21139
21247
21757
21926
22017
36832
20585
20006
20719
21562
20452
60591
22166
45951
21384
49904
21124
22610
21303
44476
34416
21939
38035
23053
21338
22646
21589
21878
21282
22670
20602
22067
21114
20961
20935
22395
46693
22554
21030
43089
21072
22174
29387
22156
22267
36205
22087
22290
36605
22142
21445
23410
22070
21911
20713
23201
20957
22451
22379
35115
21702
23450
21218
22854
21167
21863
21688
21421
21634
31390
22388
21498
21580
44147
21417
22704
22107
21064
21972
20698
59666
21361
21888
21543
19954
21090
19254
21590
21476
58123
64887
21577
22228
22500
100789
23965
41954
41901
41800
20644
20780
22279
22561
22569
21157
20892
21580
23304
21992
23511
21869
21709
21099
22091
22348
22634
20665
21818
21639
22099
62098
21968
21745
21859
22137
22250
20163
22860
29613
99804
23942
21235
22194
39511
21092
21929
26723
42609
22259
22193
21650
22519
21939
22021
21980
21885
22192
22230
20313
21923
21924
22828
37815
22007
21085
22334
20689
22692
22516
20324
22585
21791
20902
21322
20197
20904
22194
25416
72659
86236
21863
22432
21634
21177
39024
48600
21120
20989
21221
42626
21793
21994
21221
22154
21102
21807
19913
23066
21941
34324
22509
21875
20484
21847
34957
21390
21693
65894
31171
20232
21071
22829
21625
20512
74505
20896
21027
20136
20553
38071
21842
41470
22063
21998
20655
22109
21561
23021
21355
22678
20961
21797
36143
22729
21970
21936
21724
21318
21492
22000
48015
40605
21195
20870
21287
22336
20743
21746
21447
31081
19499
20003
20419
20586
19749
20639
20619
120140
22243
21268
21341
20697
22050
22898
68205
22018
22268
22040
21402
22192
41146
22026
21580
22086
21162
22517
21541
21829
21080
21805
21141
21366
21108
21094
22038
21135
22134
21692
22395
20692
21305
22140
21144
37131
21306
20713
21981
21601
22606
22181
45829
21041
21103
22659
21453
22081
51704
22505
54262
21040
36874
22213
21620
22520
20691
22877
20981
22119
21851
43520
21958
22769
20640
22071
22094
22437
21391
21445
20345
21386
38801
20937
21181
29208
20524
20857
21362
21045
23408
22250
21534
21462
21374
20664
37740
22091
21310
21497
22153
46585
20987
21816
21887
21136
21331
21225
20997
20273
22593
21284
44894
21246
22224
22233
22105
22155
21364
48189
20946
22018
20843
22408
21438
22799
21066
21932
42384
21683
19452
40311
20687
22539
21347
22858
35743
21164
22384
21671
21030
22311
82909
22073
22942
21111
19767
20326
21322
20711
21642
43286
23498
21493
20590
22122
33000
21175
19673
21452
21970
36259
21915
32988
22085
20977
21280
22289
21208
21992
33860
21345
20677
23021
21817
20134
20021
20957
22147
31539
38639
21997
21063
21614
21128
22295
19877
21433
76618
21826
21877
20780
21473
21731
22303
28129
20696
29624
33899
22947
21114
20969
21025
43461
22937
21749
21751
67129
21736
21316
21051
20766
21085
22185
21089
20249
21352
35312
21625
39534
22244
21142
21886
21706
22084
22411
20310
20859
22330
21085
21089
22362
20420
21911
20698
21953
20739
20980
22403
22225
20010
20372
21473
21559
21232
22563
21898
22030
21329
21396
19201
19520
19801
19627
20995
20696
22907
22752
21263
21236
20774
22246
21161
22327
22295
21845
63538
23225
20951
22828
21452
22750
22118
20578
22040
22485
61690
24120
22120
32209
36855
22447
22038
22458
45231
22437
21387
22599
21756
22735
48678
40398
21563
21946
21721
21539
22000
21409
21499
24037
22630
21981
22772
22096
21342
22696
22772
22854
20391
20734
22844
20663
21081
22521
48641
22783
22045
21761
21031
22344
46243
37608
21807
20981
60201
21821
39778
20838
21362
21888
26059
20353
22074
21112
29357
43158
19693
20906
20359
38328
23625
67587
21898
21962
69691
22719
21145
23629
22237
24617
21155
22876
22728
21454
29174
23246
22632
41520
43423
24095
22567
34391
22253
46079
22823
21321
22621
22910
29629
39286
22457
23006
21749
22269
21902
21292
22787
22307
49473
23675
21600
23403
21533
23664
21634
21142
21905
21756
23554
21890
20607
123961
23078
22052
21193
21250
22398
22965
21165
22684
20952
22941
22204
23408
22016
22993
20328
22127
21584
22847
21477
36727
21635
22969
22481
22727
42695
20847
54319
20884
20968
22337
21485
21274
22840
25309
22702
22203
24381
23472
21059
23725
22838
83056
22742
22413
22626
22469
41538
21627
21142
22623
22088
21321
22561
21625
22428
22140
22347
22192
22117
22021
22234
22999
22928
36676
21797
41981
22153
22071
21404
22491
21780
22093
22740
20981
28841
21729
22113
39002
20908
22748
21954
28163
22422
22430
22269
22025
21041
37498
20970
22935
22490
22138
22877
22493
21425
22638
21689
22448
21278
22550
33200
22940
127832
21846
22359
22186
23087
21691
22042
22437
21157
39749
20721
21956
22331
38996
21356
22522
21587
224969
56648
22455
22687
45572
67083
23137
59975
22650
38259
22256
22390
23752
22660
23169
21284
39879
42132
20648
23056
20687
21156
22572
22208
23729
20620
22491
22116
42250
21504
39985
22322
22129
21610
22718
22490
23309
21788
22865
33959
21925
20914
31926
41360
22981
42118
22983
22455
38258
21921
21053
22392
22875
23094
21751
22351
85191
21841
22208
53341
22126
20570
22892
22715
22191
23286
22850
23631
22587
21214
39039
22180
22532
22328
22733
22505
22733
21424
21835
20181
22069
21536
21597
20730
20816
21911
20850
108347
22732
20740
33827
21920
22335
50292
22501
22659
22492
20783
23323
21347
23178
23055
22484
22270
22277
21584
22513
23019
34193
20691
21870
22139
35641
46988
23477
22229
21991
21983
21475
20848
57924
22308
21557
23220
22541
35231
22549
21930
22671
32666
21315
22253
22811
20578
22421
21728
21741
22022
22908
20869
23153
21783
23129
21659
21261
22344
44987
24950
22710
21862
23803
21496
22098
21672
22351
21800
22520
21984
22829
22269
22898
22741
27357
21856
23144
21982
21485
21478
34883
20892
21886
23092
21458
21861
22420
40257
22395
20493
20681
22206
26323
22025
23190
22023
23117
21472
44657
40697
21683
22180
26539
21639
23296
21061
22733
41273
21930
35595
21334
22047
30328
75139
33857
21246
39085
21607
21240
44342
22256
20620
44392
22663
24741
102173
22677
22298
23332
23168
20835
21757
21428
22246
21999
22570
21942
22964
21731
23584
21450
22295
23169
42530
22854
22358
20739
22341
21693
21855
22515
22343
22929
20621
21785
22543
22483
22128
23543
21750
40511
22501
22689
22867
23102
21110
20826
21921
22285
20873
21642
29882
21061
20689
75073
21978
27834
54765
21172
21017
20835
23318
88326
20786
22301
20964
23050
21330
23539
22205
23793
42491
22896
20814
21693
22841
22961
22513
21675
58265
22083
21979
22636
20566
46811
21781
23033
21583
22834
21870
22544
20434
29239
20896
35121
20657
22075
22398
22099
21766
22777
22077
22441
43082
22594
21864
22454
22227
21742
22085
22124
20910
22531
22224
21668
21887
23267
21663
20961
23079
21010
21618
22614
21707
22584
22040
20799
22340
22271
22225
20872
22408
23526
21622
23629
22747
21733
22788
22657
21632
23463
22313
23644
21243
25420
22423
23433
42281
22497
20719
21743
74458
23237
22626
33286
21366
23161
22189
23969
21243
34089
21189
22633
20850
22476
22467
23352
22359
22381
22847
63056
22937
51803
20941
23236
21830
22365
21625
23706
21698
21806
22098
22824
21748
22304
21561
22933
35607
22550
22477
20918
21826
22052
21105
22237
69680
22674
22273
22095
23163
22668
21908
41566
21250
23943
21458
20963
22249
22497
21369
23322
20299
20695
22017
22593
21900
21157
21947
20977
22380
20736
20667
22173
105242
49056
21640
20933
48425
22508
27454
21411
22694
22349
21083
21722
21192
21220
23022
22546
22186
21762
21279
125632
21803
22532
41175
23490
21574
21060
22400
22392
21474
23150
39735
23097
20943
21427
51076
21075
21661
21659
22362
22396
22472
22062
22217
22952
22091
22507
21863
21959
21920
22589
21354
23140
31796
21249
22436
49527
23222
38273
22536
21296
21910
21968
22349
22966
20412
49509
22608
21120
47716
22707
21559
23093
22770
22745
21440
23562
40417
21556
21747
20912
21541
20905
22812
22094
20960
23186
22464
22089
22194
23261
21390
22933
20806
22344
22375
35039
22229
52589
21938
22909
20293
23570
20522
22501
20781
48765
23728
22922
20619
22418
21687
22153
22770
22655
38686
21672
22843
21901
22260
22854
21537
21917
21072
22384
115249
22616
39006
20993
23481
21706
20365
21666
20797
22338
21984
22971
22181
29840
22211
22974
22393
21819
42193
22602
21803
22893
22496
21799
20561
21770
21572
69101
20583
22963
22343
22151
22530
41702
21545
22815
22055
21898
22771
21502
21582
20727
21265
22212
20996
21823
21983
21862
22507
22379
21135
22503
22126
77436
22023
22467
21098
22687
21679
22315
23130
20950
45403
36793
21971
21856
22197
20453
23046
21994
20693
22792
20436
21582
20949
21751
21114
22970
22084
22456
22586
21580
22180
23419
21123
22058
21890
22398
36746
22403
29036
22298
20772
23125
22207
21886
39595
22031
21636
21856
21111
22316
22431
22114
49262
48718
22660
40876
22547
22750
21480
52646
21124
22280
21934
22881
39569
22482
21791
81789
22083
22920
20593
22151
21521
22870
23095
21453
22323
21700
53569
59346
21931
23018
20506
21332
22788
22023
22512
22405
22406
24076
32763
22032
22226
22918
22565
22699
23515
22168
22950
22586
21665
96575
21400
22755
22214
22056
22599
22147
21989
22205
20529
21971
38197
22308
21019
20293
22102
23757
21465
241152
45551
21693
21955
23194
22265
52406
21226
22952
21689
48949
22244
22693
21443
22986
22122
22677
21527
22303
19685
22675
21876
22575
21811
21907
21663
22761
22488
53560
22127
21428
21522
23389
22323
21271
21578
21786
32039
21020
22117
22166
21664
24103
22857
44599
21133
45867
22129
22898
22045
30676
22565
20657
21404
22787
22291
22281
21656
21982
22339
21029
20625
22573
20644
37571
21501
22859
21706
23301
34928
23056
21164
21821
109237
21431
21112
22979
23122
22332
39899
22249
22681
21604
40660
23362
21148
21648
22078
20649
21254
20785
42852
20616
24621
23205
22184
40985
22289
23098
22177
21544
22944
23176
22639
23144
23186
22714
22482
22749
21631
21124
23140
38320
21677
23218
21058
22982
41523
21417
46384
21637
21505
23075
39059
20853
70130
22776
41888
22315
22331
22428
21738
23062
21360
23609
21997
22373
21352
22291
42392
21249
22095
23029
21691
51558
20785
20401
20838
62289
21892
21720
83766
23726
22938
23240
44677
22735
40318
43940
35156
21695
21128
22437
22075
22955
23074
22663
21293
22377
22084
23363
22577
21390
34848
22665
41671
20916
21586
21352
21947
21791
24107
21570
20206
22081
21457
19870
19817
21534
22642
79593
57898
60798
21386
22407
37624
63962
21611
21622
21577
79479
53260
33514
22626
20799
19880
21826
21555
21354
73649
23070
36677
21907
32968
20557
22429
21468
20748
42793
21105
21894
22366
21580
22075
22009
21705
22670
20658
21204
22936
36860
21487
37645
22314
40448
42926
21306
21309
21273
21337
21783
21741
22213
21754
21193
21865
22034
21739
22023
21262
21482
21873
22168
20938
21667
63737
22130
58938
22176
20352
41163
21630
22068
21938
22194
21943
21220
46058
38558
22182
21947
20039
29598
22029
22053
83716
21339
21242
22592
20807
21071
20191
20508
19786
21036
21363
22749
20873
55210
20965
23055
21217
21201
22069
22723
21956
22095
51078
22335
21625
36544
22147
21011
21844
21382
23724
22228
21363
22463
50949
22398
21427
20829
21489
21170
21552
49900
21826
22529
59322
22534
21520
58364
21532
21707
35879
20563
21147
20625
21756
21925
21942
21972
22214
22590
21584
21712
24542
21586
21518
22636
21548
20940
21955
21414
20868
22403
21773
22338
21192
21969
21194
28037
22089
21844
21107
21040
22099
21855
21087
24281
21049
20261
47578
20687
39218
22265
21606
21612
22101
20290
22032
21406
20888
21390
20656
20743
32916
20782
24260
20277
20270
20271
20692
49032
21118
65349
22536
21820
21986
21776
20853
41257
52605
21598
21873
21722
21095
21235
22719
23535
22415
22526
21670
23135
20651
21479
33211
22440
21925
22398
20797
21759
22232
21170
22266
21501
21373
22266
21263
20934
21896
21971
21871
21081
21032
20697
21959
22293
21907
21793
27177
22259
21215
22232
21873
22006
21241
22585
22376
22490
21712
22651
22704
22074
21268
20440
21527
21688
21536
22000
20700
24711
22016
22260
21712
21221
21898
22124
22562
21886
22002
22407
21287
21007
22326
36814
20815
22558
21580
21665
21952
22476
21514
21645
20503
22511
21655
20086
20921
19731
36990
22729
23540
22355
20434
21108
22541
21632
21932
22527
22443
22197
21820
21267
22279
22039
20698
22683
37623
21987
22232
20855
21330
38081
22963
21935
28471
39814
20063
22004
42977
20924
21955
22178
21474
21968
21980
22132
22623
21914
38319
21316
20413
22209
22122
22151
21742
21999
20601
22607
23073
21048
38390
47581
22043
44460
21776
21161
51987
23346
22092
31085
22924
21477
22786
23294
22287
22632
22266
22389
22723
22643
21509
22198
22215
87057
22277
22324
22363
22257
21204
23847
21439
23819
23137
22155
21487
22260
20353
23596
22390
22066
22780
21551
21855
23313
21426
21547
36410
21421
21883
21073
