9728
6581
5643
5718
5772
5581
5902
5918
5744
5851
4892
2652
2301
2334
2368
2222
2235
2290
2488
2435
2265
6716
2227
2281
2534
2297
2361
2248
2291
2598
2359
2255
2409
2305
2411
2297
2370
2450
2252
2251
2317
7308
2425
2255
2343
2298
2609
2386
2381
2243
2251
2325
2303
2366
2594
2332
4641
2436
2385
2409
2508
2281
2292
2276
2307
5784
2297
2274
2283
2239
2259
2326
2250
2249
2269
2393
2296
2235
2242
2455
2301
17213
2406
2388
2239
2389
2600
2186
2340
2358
2544
2263
2252
2450
2326
4580
4021
2437
2477
2205
2285
2377
2212
2197
2572
2649
2381
2394
2484
2397
4983
2324
2626
2234
2234
2185
2344
2181
2174
2167
2376
5979
2549
2329
2367
2289
2120
2329
2269
2200
2214
2302
2257
2181
2203
2222
12457
2211
2158
2364
2219
2208
2392
2166
2202
2206
2179
2155
2198
2225
2216
2450
2396
2127
2289
2271
2757
4694
2392
2273
2468
2223
2298
2266
2602
2228
2474
2178
2220
2523
2193
2186
2444
2611
2196
2228
2183
2546
6187
2230
2177
2204
2191
2237
2362
2226
2167
2384
2387
5631
2301
2467
2393
2201
2199
2568
2131
2357
2199
2189
2369
2257
2364
2193
2284
2375
2174
2182
4178
2400
2452
5121
2324
2366
8002
2166
7753
2185
2215
2265
2183
7479
4431
4633
3627
4168
2517
2317
2259
2377
2437
2357
2220
5794
2376
2365
2476
2519
2243
2234
2543
2190
2269
2260
2221
5474
2243
2255
2378
2634
2246
2184
2177
5776
2220
2603
2222
2533
2212
2256
2213
2260
2348
2120
2423
2371
2214
2263
2255
2130
2243
2237
2232
5519
5382
2374
2184
2199
2243
2546
2196
2216
2233
2360
2294
3743
2508
3417
2460
2191
2375
2380
2732
2591
2148
2183
2233
2439
2373
2549
2399
2811
2409
2144
2141
2158
2216
2423
2320
2562
2232
2232
2215
4813
2339
2192
2388
2242
2269
2186
2308
2221
2271
2169
2397
2169
2279
2146
2247
2402
2297
2227
2177
2492
2187
2212
19305
2189
2278
2361
2149
6322
2213
2145
2154
2426
6357
2170
5835
2160
2305
2519
2194
2389
2186
2130
2167
4296
2747
2263
2288
2181
2182
2377
2229
2234
2278
2159
2357
2144
2353
2282
2423
2350
2462
2171
2290
2225
10050
2501
2174
2350
2403
2200
2364
2369
2246
2304
2350
2212
2169
2237
2252
2142
2133
2225
2231
2159
2165
2183
4289
2441
2487
2460
2198
2237
2731
2210
2158
2177
2187
2506
2122
2229
2207
2233
4667
13269
2228
2579
2218
2190
2409
2188
2218
2170
2196
2437
2361
2394
2193
2348
2162
2314
2576
2606
2192
2218
2378
2602
2538
2243
2340
2175
2176
2187
5524
2406
2183
2181
2217
2416
2182
2222
2388
2551
2439
6023
2405
2207
2221
2409
2332
2345
3842
2518
2239
2389
2190
5978
2213
2269
2432
2456
2188
2333
2523
2227
2186
2160
2360
2340
10368
2300
8934
2334
2252
2260
2362
2345
2188
2196
2191
2343
4014
2301
2414
2248
2207
2515
2195
2305
2190
2206
2298
2362
2181
2188
2169
2334
2176
2172
2223
2620
2156
2216
2286
2234
2179
2232
3738
2263
2373
2243
2186
2196
2168
2506
2187
2633
2412
5568
4636
4939
4594
2506
2350
2630
2484
2280
2725
2320
2515
2454
2372
2197
2231
2162
2340
2217
2313
2237
2182
2426
2192
2273
2268
2191
2286
2530
2261
2200
2501
2220
2582
2157
2362
2164
2187
2341
2179
2339
2288
2228
2557
2541
2146
2288
2184
2192
2390
2391
2617
2204
2417
2347
2171
2492
2226
2424
2392
2191
2199
2305
2400
2622
2261
2170
2255
2223
2514
2128
2336
2165
2147
2237
2206
2177
2183
2439
2229
2491
2436
2429
2190
5643
2288
2197
3448
13158
2407
2613
2245
2438
2248
4576
2503
2241
2355
2211
2335
2243
2182
2192
2197
2194
2421
2264
2183
2241
2294
2315
2446
2166
2174
2201
2441
21628
2293
2247
2214
2190
2347
2178
2373
2234
2206
2224
2439
2371
2206
2140
2220
2371
2438
6653
2328
2251
2173
2182
2302
2239
4575
2649
2926
2217
2246
7751
2524
2199
2202
2544
2181
2572
2180
2320
2229
2279
2200
2148
2236
2225
2187
2310
2198
2171
2323
2265
2298
2186
2404
2194
2459
2185
2190
2165
2442
2431
2327
2240
2492
2371
4046
2487
2497
2197
2214
2200
2200
2180
2159
2372
2340
2618
2392
2196
2167
2191
2310
2179
2420
4530
2584
2334
2195
2250
2198
13249
2263
2389
2300
2201
2215
2333
2172
2341
2222
5523
2328
2226
2158
2104
2240
2145
2223
2217
2316
2079
2219
2348
2242
2145
2222
2152
2413
2325
2096
2251
2139
2146
2250
7500
2173
2191
2305
2140
2198
2332
2337
2153
2357
2142
2082
2376
2084
2426
2281
2294
2190
2304
2084
2178
2119
2136
2304
2486
6194
2196
2179
2342
2307
2196
2187
2171
2234
2367
2268
2196
2253
2263
2531
2057
2299
2289
2058
2207
2079
2201
2239
2173
2150
2403
2645
2440
2305
2457
3330
3372
2519
2382
2285
2166
12733
2109
2070
2260
2090
2542
4841
2665
2435
2251
2084
2375
2342
2124
2139
2130
2117
2370
2085
2248
2117
2197
2167
2240
2065
2307
2508
2085
2159
2133
2610
2205
2067
2216
1993
2498
2046
2374
2285
2036
2381
2169
2276
4463
2447
2283
2244
2200
2269
2575
2305
2258
2222
2267
2324
2263
2133
2559
2316
2245
2430
2255
2297
2406
2449
2283
2264
2242
2416
2279
2508
2138
2835
2279
2355
2211
2118
2487
2404
2419
2373
2509
2226
2525
2103
2180
2077
2303
26340
2250
2267
2281
2141
2421
2407
2291
3208
3926
2303
2707
2450
2113
2277
2278
2373
2270
2242
2468
2329
2360
2237
2262
2483
2127
4187
2532
2176
2350
2401
6060
2262
2203
2245
2126
2333
2434
2683
2239
2230
2302
2185
2118
2178
2235
2275
2130
2273
2273
2283
2160
2290
2459
2199
2328
2234
2282
2168
2246
2275
2264
2295
2211
2433
2259
2283
2394
2200
2557
2435
3982
26132
2250
2459
10480
2117
2265
2542
2355
2233
2417
2253
6441
2115
2142
2266
2138
2277
2261
2131
2478
2298
10860
2352
2059
2621
2238
2411
2199
2326
2518
2489
2262
2415
2313
2588
2262
2524
2240
2335
2121
2382
2388
4987
2508
2268
2288
12317
2293
2268
2276
2472
2310
2257
2323
2301
2356
2631
4562
3378
4484
4424
2463
2272
5029
2700
2724
2459
2316
2178
2590
2470
2307
2467
2572
2207
2300
2266
2237
6439
2376
2656
2254
2140
2663
2150
2552
2541
2411
2283
2110
2419
2158
2310
2201
2220
2310
2114
2333
2229
2391
2148
2185
2134
2345
2139
2475
2140
2555
20203
2189
2345
3609
2435
2498
2159
2315
2691
2496
2293
2172
2487
2470
2140
2176
2269
2510
2234
2510
6152
2264
2437
2391
2295
2263
2801
2193
2251
2173
2553
2189
2161
2203
2232
2317
2285
2177
3087
2349
2416
2164
2344
2373
2388
2487
2166
2338
2317
2463
2251
6322
2185
2176
2350
2225
2271
2272
2217
2230
2837
2647
2536
2707
2351
5021
2445
2394
2424
2270
7393
2630
2381
2306
2282
2134
2383
2268
2244
2294
2292
2175
2540
2295
2136
2552
2407
2276
2175
2286
2466
2474
2171
2253
5259
4153
2721
2341
8425
2225
7988
2334
2204
2286
8611
2232
2285
2354
2471
2198
2167
2206
2190
2160
2670
2417
2210
2163
2248
2164
2194
2248
2236
2506
2248
2306
2295
2271
2167
2383
2383
2581
2333
2265
2167
2303
2235
2246
2283
2267
2250
2308
2161
2382
2474
2604
2313
2333
2309
2512
2197
2180
2649
2338
2187
2231
2470
2505
2243
2302
2409
2176
2815
2186
2511
2289
2301
2161
2484
2206
2244
2194
2947
4531
2431
2619
4171
2375
2419
2140
2164
2226
2264
2304
2232
2131
2325
2246
2351
11053
2131
2226
2189
2186
2280
2228
2240
2330
2107
2124
2197
2152
2196
2265
2095
2175
2178
2213
2161
2094
2084
2187
2072
2278
2229
2658
2110
2345
2075
2196
2121
2243
2144
2345
2085
2405
6810
2078
3968
2689
2317
2319
2190
2334
2486
2266
2133
2578
2221
2096
2184
2427
2214
11992
2454
2169
2604
2193
2214
2378
2209
2336
2228
2200
2228
2457
2169
2317
2166
2116
4066
2409
2276
2074
2257
2211
2499
2083
2194
2335
2332
2170
2070
2270
2219
2289
2169
2236
2130
2419
2205
2137
2302
2199
2176
2170
2146
2192
4214
2515
2391
2456
2460
2380
2159
2322
2246
2352
2447
2298
2310
2315
2279
2718
2425
2496
2291
2304
2407
2461
2615
2256
2266
2272
2536
2225
2338
2299
2291
2209
2452
2156
2398
4504
2359
2456
2257
2446
2322
2181
2347
3066
2254
2456
2394
2214
2285
2271
2247
2048
2268
2198
2180
2080
2297
2209
2171
2197
2197
2211
2284
2150
2215
2384
2192
2128
2137
2143
2147
2393
2267
2362
2092
2291
2090
2186
9431
2220
2272
2123
2273
2182
2212
2406
2465
4049
3214
2542
2211
2119
2247
2208
2277
2111
2502
2263
2236
2576
2216
2250
2086
2210
2213
2157
2199
2195
2423
2263
2291
2160
2227
3907
2659
2362
2127
2866
2233
2113
2290
2141
2209
2255
2513
2046
2253
2193
2194
2269
2540
4335
2345
2380
2168
2078
15287
2363
2042
2154
2121
2261
2167
2063
2244
2199
2134
2107
2238
2096
2307
2594
2173
2176
2112
2206
2278
2211
2083
2159
2077
2174
2021
2127
2175
2525
2294
2502
2349
2321
2193
2050
2384
2159
2141
2335
2169
2099
2222
2163
2261
2136
2206
2275
2101
2225
2112
2116
2426
2131
2133
2040
2146
2155
2362
2120
2002
2500
3207
2291
2220
3956
2303
2109
2467
2353
2260
2157
2241
2416
2103
2311
2428
2176
2321
2258
2122
2125
2362
2111
2295
2185
2471
2012
2151
2189
2088
4265
2412
2220
2441
2480
2181
2044
2137
2085
2435
2198
2180
2318
2491
2193
2198
2811
4767
4767
2405
2293
2275
2417
2268
2213
2588
2538
2164
2111
2276
2159
2430
2161
2603
2432
2300
2254
2221
2211
2257
2682
2237
9779
2246
2369
2331
2325
2375
2117
2170
2181
2178
2117
2293
2131
2227
2273
2369
2317
2271
2207
2286
2166
2327
2164
2278
2126
2132
2265
2148
2193
2204
2258
2135
2338
2239
2410
2279
2151
2264
2274
2151
2257
2301
2260
2253
2220
2296
2524
2283
2216
2167
2373
2146
2245
2167
2163
2135
2340
2179
2288
2294
2248
2276
3153
2423
2292
2444
2285
2360
2359
2235
2332
2166
2485
7699
2395
2304
2290
2231
2285
2225
2224
2234
2374
2309
2358
2221
2043
2144
2198
2167
2222
2223
2324
2473
2288
2091
2202
2109
2153
2182
2093
2384
2406
2414
2549
2238
2377
2106
2371
2105
2094
2339
2323
2294
8648
2504
2183
2211
2403
2065
4379
2704
2348
2102
2588
2523
2425
2194
2292
2087
2171
2651
2280
2244
6882
2263
2414
2136
2403
2289
2234
2318
2825
2494
2436
2223
2410
2595
2239
2244
2459
10262
2225
2641
2271
2178
2334
2151
2353
2471
2226
2326
2321
2255
2244
2318
2606
2238
2322
4242
2643
2535
2433
2338
2942
2395
2474
4183
2656
2594
2275
2210
2440
2295
2181
2258
2384
2251
2277
4952
2266
2222
2365
2260
2361
2364
2166
2227
2117
2177
2166
2383
2121
2394
2295
2097
2157
2179
2263
2171
2204
2166
2277
2248
2116
2230
2176
2176
2276
2285
2216
2075
2111
2183
2366
2067
2212
2139
2127
2195
2170
2480
2079
2148
2411
2309
2288
2165
2469
2614
4538
4348
2480
2295
2296
2379
2277
2275
2305
2207
2460
2297
2262
2277
2160
2247
2210
2414
2170
2348
2252
2418
2132
2445
2356
2403
2409
2113
2509
2115
4965
2589
2271
6060
2363
2270
2117
2384
2625
2378
2417
2210
2298
2125
2331
2226
2290
2348
2089
2415
2330
2268
2342
2410
2230
2284
2291
2495
2209
2394
2264
2249
2366
2199
2260
2146
4538
2922
9837
2511
2231
2372
2376
7278
2309
2283
2057
94940
2272
7381
2295
2246
2128
2221
2026
2178
2570
2676
2959
2252
2182
2395
2582
2240
3329
2542
2284
9206
2379
2478
2391
2276
2429
8668
2485
8772
2281
2501
2470
2224
2421
2424
2301
4522
2268
2323
2548
2062
2398
2349
2563
2083
2189
2208
2490
2371
2157
2180
2151
2223
2181
2126
2124
2096
2200
2036
2376
2112
2398
2319
6052
2343
2454
2331
2049
2558
2113
2363
8339
2785
3553
2534
4284
2992
2366
2338
2445
2795
4637
2476
2276
2291
2540
2284
2239
2248
2307
2153
3523
2201
2093
2391
2646
2335
2254
2197
12766
2243
2295
19185
2184
2275
11599
2275
4161
2599
2328
2644
2634
2267
2590
2113
2345
2320
2197
2337
2314
2472
2299
2171
2280
2523
2293
2226
2300
2620
2277
2276
2248
2287
2255
2549
2164
2211
2317
2169
2477
2171
2491
2182
2463
2310
5659
5943
2316
2355
2325
2165
2597
2202
2459
2151
2660
2430
2231
2449
2258
2352
2362
2399
2423
2187
2382
2760
2260
2286
2166
2398
2412
2604
2139
2227
2272
2280
2420
2169
2381
2255
2102
2411
2255
2289
2448
2267
2202
2500
2264
2499
2224
2563
2235
2265
2214
2275
2388
2548
2249
2300
2451
2358
2323
2501
2437
2232
2438
2277
2178
2255
2283
3723
2555
2382
2232
2327
2262
2603
2374
2334
2398
3061
2497
2566
2317
4785
2731
2560
2258
2614
2359
2285
2278
2344
2356
2372
2179
2280
2060
2294
2358
2300
2149
2193
2297
2560
2216
2294
2437
2157
2235
2280
2272
2235
2309
2320
2358
2380
2424
2378
4447
2490
2272
2344
2201
2603
2144
2222
2158
2165
2310
2172
2153
2154
2124
2298
2501
2159
2270
21335
2320
2186
2288
2208
2330
2290
16073
2278
2348
2282
4249
2631
2389
2237
2569
2435
2486
2330
2565
2449
2430
2216
2284
2309
2352
2208
18495
2227
2253
2392
2565
2313
2138
2305
2323
2173
17545
2370
2283
11717
2494
2186
11013
2563
2297
2473
2297
2385
2512
12618
2596
2630
2454
2329
2427
2222
2157
2256
2324
2282
2422
3837
2613
2556
2318
4632
2365
2156
2206
2473
2100
2236
2157
2328
2387
2214
2191
2050
2153
2442
2154
2182
2122
2870
2157
2237
2152
2206
2152
2158
2287
2337
2165
2379
2169
2145
2427
2079
2199
2103
2408
2181
17931
2173
2863
3963
2370
2507
2542
2159
2297
2703
2318
33104
11197
2501
10975
2220
2361
2340
2357
2186
2322
2225
2284
2185
2216
2332
2080
6693
2431
2010
2096
2253
2438
2345
2162
2125
2115
2183
2580
2179
2052
2322
2173
2147
2246
2149
2388
2155
2131
2354
2337
2431
2314
2348
2152
2145
2139
2145
2238
10674
2261
2118
2115
2946
2399
2206
2520
4163
2406
2280
2394
14512
2295
2203
2178
2187
2247
2170
2226
2479
2511
2165
2324
2132
20101
2450
2379
2268
2327
17515
2251
2185
2250
2345
2443
2368
2127
2148
2393
2209
2263
2229
2389
2188
2205
2150
2414
2619
2193
2228
2342
2367
2371
2208
2575
2180
2563
2196
2618
2119
2110
2341
2421
2072
2129
2182
2253
2217
2395
2100
2132
4123
2274
2357
2570
2134
9151
2190
2067
2093
2308
2282
2186
2181
2134
2103
2141
2163
2637
2203
2416
2244
2175
2535
2460
2271
2557
2153
2524
2534
2317
3818
2553
2483
2335
3082
2454
2168
2450
2377
2135
2446
2211
2352
2496
3126
2841
2654
4217
2491
2409
2413
2198
2228
4101
2534
2175
2018
2347
2132
2374
2190
2323
2242
2285
2262
2165
2359
2160
2139
2217
2126
2257
2076
2144
2347
4421
2427
2386
2188
2215
2183
2345
2175
2178
2561
2112
2421
2200
2418
2381
2123
2364
2293
2190
2200
2159
2143
2211
2314
2155
2569
2151
2340
2381
2181
2353
2182
2152
2187
2225
2154
2201
2157
2126
2220
2283
2327
2296
2445
4087
21294
2431
2274
19661
2182
2160
2217
2527
2453
2131
2213
2152
7436
2087
2143
2146
2169
2446
2348
2281
2187
2269
2114
2154
2103
2045
2214
2276
2140
2073
2729
2204
2160
2177
2243
2504
2268
2323
2179
2207
2191
14614
2185
2247
2105
3319
3656
3455
2313
2290
2395
2338
2322
2509
2152
2137
2618
2231
2121
2188
2287
2435
2820
2584
2185
2275
2431
2500
2659
3954
2217
3490
3463
2206
2193
2167
2252
2340
4194
2390
2541
2725
2232
2249
2270
2447
2331
2159
2377
2180
2381
2148
2205
2133
2077
2201
2096
2562
2130
2173
2039
2368
2370
2339
2229
2272
2175
2253
2261
2087
2335
2277
2177
2313
2189
2373
2419
2660
2042
2527
2378
2122
2343
2197
2353
2232
7664
2163
2355
3603
2698
2128
2168
2195
2386
2191
2139
2182
2232
2017
2028
2204
2243
2483
2013
2684
2087
2307
2153
2110
2456
2306
2143
2418
2028
2299
2126
2160
2242
2156
2377
11200
4075
2356
2134
2134
2274
2214
2726
2411
2105
2405
2201
2197
2431
2074
2324
2416
2388
2254
2431
2402
2229
2197
2490
2331
2042
2028
2087
2185
2271
2450
2144
2036
2319
2246
2230
2161
2133
2023
2134
2167
4622
2223
2122
2442
2310
2208
2113
2078
2112
2079
2225
2365
2330
2317
2345
2187
2226
2078
2133
2128
2129
2288
2266
2351
2422
2023
2012
2002
2081
2129
2520
2134
2160
2190
2061
2318
2095
2143
2057
2224
2348
2115
2301
2023
2367
2302
2334
2241
2152
2137
2930
2736
2293
4366
2783
2335
2398
2327
2484
2724
2500
2413
2340
2483
2593
2378
2367
2428
2305
2253
2332
2659
2496
12081
2115
2262
2163
2438
2247
2467
2397
2214
2232
2180
2148
2408
2276
2167
2222
2203
2167
2214
2266
2511
2526
2155
2243
2265
2365
2464
2213
2446
5201
2569
2424
2299
2218
2417
2285
2380
2434
2336
2347
2160
2209
2047
2183
2074
2344
2452
2488
2280
2336
2155
2199
5009
2744
2589
2322
2557
2840
2338
2450
2342
2655
2507
2527
2454
2426
2679
2304
7304
2313
2284
2274
2436
2505
2129
2251
2155
2357
2227
2420
2620
2184
2314
2331
2234
2221
2268
2565
2238
2290
2374
2241
2251
2221
2272
2297
2363
2266
2209
2197
2430
2480
2267
4002
2796
2327
2650
2825
2699
2490
2439
2361
2397
2502
2502
2436
2633
2749
2573
2745
2425
2665
2415
2516
2493
10012
2481
2289
2588
2343
2382
2140
2240
2296
3425
4784
2808
2357
2192
2387
2383
2263
2280
2185
2368
2227
2269
2157
2323
2144
2109
2152
2221
2267
2332
2262
2180
2353
2284
2512
2120
2112
2179
2404
2484
2253
2385
2268
2316
2249
2273
2265
2243
2285
2214
2262
2295
2363
4473
2484
2584
2273
2373
2411
2456
2343
2450
2494
2602
2472
2486
2461
2347
2456
2523
2559
2401
2314
2625
2509
2331
2513
2103
2115
2251
2309
2286
2227
2323
2500
2340
2273
2336
2431
2262
2291
2209
2249
2198
2236
2490
2443
2189
2296
2560
2236
2325
2294
2563
4212
2506
2582
2450
2337
2888
2347
2482
2433
2414
2390
2478
2424
2408
2719
2385
2433
2566
2457
2516
2331
2296
2156
2293
2291
2102
2125
2323
2325
2395
2376
2214
2128
2297
2303
2319
2684
2077
2343
2349
2231
2281
2259
2344
2304
2217
2494
2243
2234
2194
2161
2265
2227
2122
2192
2119
2205
2500
2279
2280
2401
4103
2416
2295
2289
2478
2620
2562
2257
2632
2344
2316
2342
2227
23757
2401
4599
2419
2781
2541
2327
2508
2379
2337
2498
2688
2375
2278
2586
2267
2719
2314
2322
2391
2539
2462
2319
2244
2226
2427
2309
2330
9113
2091
2263
2191
2535
2281
2299
2179
2149
3965
2702
2490
2305
2523
37826
2642
2407
2325
2399
2501
2425
2194
2371
2512
2457
2320
2230
2352
12086
2164
2052
2179
2465
2364
2182
2327
2415
2388
2037
2500
2063
2172
2123
27441
2547
2299
2346
2373
2719
2488
2368
2267
2603
2357
2349
2333
2649
2477
2631
2578
2359
2436
2164
2117
2241
2226
2365
2165
2192
2178
2231
2134
2030
2079
2050
2145
2170
2182
2202
2155
2271
2251
2307
2390
2209
2367
2524
2201
2141
2638
2483
4052
2234
2673
2180
2155
2103
2417
2217
2191
2277
2298
4517
2712
2794
2402
2347
2421
2656
2374
2663
2464
2419
2517
2370
2620
2258
2690
15864
2219
2743
2328
2520
2370
2775
2636
2184
2281
2240
2153
2261
2239
2215
2295
2224
2273
2219
2285
2219
2289
2545
2211
2069
1976
2095
2598
2267
2120
2164
2254
2429
2198
2541
2256
2127
2198
3549
2482
2597
2712
2335
2275
2431
2485
2532
2534
2413
2621
2364
2347
2401
2334
2501
2396
2235
2387
2271
2449
2431
2548
2417
2527
2340
2177
2486
2220
2594
2235
2296
2493
2489
2472
2366
2249
2474
2491
2211
2187
2232
3807
2325
2334
2385
2340
2404
2218
2138
2280
2443
2432
2138
2143
2144
2357
2180
2353
2149
2464
2228
2298
2308
2403
2219
2589
4912
2590
4946
5299
2405
2590
2514
4079
2849
2711
2415
2296
2555
2413
2628
2376
2576
2580
2655
2512
2426
2503
2875
2446
2534
2679
2532
2315
2306
2330
2494
2379
2556
2421
2401
2411
2440
2292
2362
2397
2316
2394
2255
4256
2739
2603
2512
2612
2583
2447
2392
2447
2374
2738
2342
2443
2707
2654
2467
2409
2394
2410
2658
2630
2366
2446
2652
2318
2368
2169
2283
2415
2197
2324
2393
2313
2371
2428
2459
2310
2456
2264
2302
2245
3624
2435
2494
2400
3595
2589
2721
3719
2541
2493
2617
2452
2441
2400
2438
2326
2429
2410
3004
2417
2498
2362
2387
2415
2671
2500
2340
2501
2442
2451
2311
2637
2454
2528
2532
2741
2576
2345
2485
2476
2363
2386
7206
4038
2438
2290
2144
2277
2234
2255
2088
2271
2276
4209
2927
2451
2624
2608
2408
2330
2390
2343
2542
2643
2572
2797
2437
2342
2791
2465
2572
2479
2529
2573
7245
2417
2321
2439
2353
2269
2366
2345
2280
2297
2586
2291
2383
2276
2240
2314
2306
2133
2252
10154
2288
2142
2223
2153
2503
2351
2176
2171
2394
2270
2245
2230
3801
2535
2912
2595
2428
2477
2461
2722
2259
2389
2620
2520
2243
2449
2489
2434
2409
2321
2342
2331
2264
2310
2184
2381
2326
2238
2287
2407
2192
2346
2242
2261
2390
2228
2244
2399
2615
2271
2249
2163
2655
2214
2281
2193
2296
2148
4644
2938
2305
2609
2473
2440
2245
2706
2309
2322
2336
2160
2166
2366
2276
2516
2436
2984
2443
2468
3975
2624
2288
2637
2188
2396
2596
2327
2227
2646
2356
2155
4014
2520
2571
2360
2449
2585
2458
2754
2476
2336
2404
2631
2530
2745
2508
2363
2450
2412
2621
2500
2458
2855
2509
12075
2159
2291
2242
2246
2187
2152
2207
2267
2520
3576
2916
2996
2581
2512
2478
2452
2410
2472
2411
2756
2481
2321
2459
2541
2403
2521
2309
2492
2420
8158
2454
2326
2281
2226
2426
2222
2286
2255
2316
2266
2268
2277
2422
6670
2250
3569
2482
2619
2569
2301
2648
2455
2418
2400
2466
2760
2515
2463
2576
2552
2707
2642
2514
2431
2260
2642
2066
2560
2156
2295
2377
2267
2444
2783
3325
3381
2596
2311
2320
2553
2224
2315
2172
2252
2140
2159
2225
2146
2232
2154
2287
2275
2429
2130
2258
2396
2238
4778
4447
3828
2477
3595
2582
2229
2075
2195
2345
2305
4021
2635
2353
2392
2719
2539
2517
2487
2370
2629
2381
2275
2358
2305
2541
2220
2356
2337
2344
2365
2360
2312
2228
2332
2333
2408
2266
2387
2425
2471
2124
2177
2071
2110
2171
2500
2358
2155
2241
2193
2181
2164
2284
2169
2081
2244
2087
2198
2164
2332
2166
2110
2357
3553
2470
2745
2509
2468
2316
2216
2595
2228
2350
2549
2370
2478
2467
2523
2354
2240
2405
2185
2238
2296
2234
2318
2346
2629
2337
2370
2294
2311
2266
2300
2152
3604
2306
2257
2308
2363
2642
2120
2178
2321
2049
2092
2320
2080
2047
2155
2432
2108
2125
7620
2156
2053
2331
2476
2206
2166
2240
2060
2102
2214
2285
2302
2178
2183
2146
2365
2229
2261
2164
2085
2171
2487
2090
2276
2448
2128
2296
2208
2194
3737
2633
2888
2545
2375
4641
14000
2444
2359
10617
2214
2177
37311
2320
2237
2352
2396
2484
10362
2423
2123
2218
2381
14180
2518
2276
13580
2152
2112
2045
2325
2201
2208
2210
2324
2275
2199
2202
2168
2389
2228
2115
2257
2232
2071
2187
2355
2153
2255
2164
2349
2443
2406
2156
2270
2282
2272
2250
2068
2042
2316
2142
2238
2125
2141
2125
2103
2131
2048
2130
2297
2048
2257
2078
2052
2375
2119
2118
2232
2539
2374
2159
2074
2111
2087
2144
2267
2082
2344
2070
2489
2123
2178
2077
2295
2295
2105
2360
2077
2456
2139
2155
2353
2110
2176
