33659
20395
18880
12935
13541
12958
15137
12896
13645
12763
18972
17881
19059
16019
16695
15892
16445
15872
16352
14760
16359
15199
19426
14767
15242
14115
18490
13806
14250
14197
14702
14333
18771
13859
14699
14199
15057
14138
14133
13815
15295
13474
19156
13948
15224
13696
14358
13952
14860
13930
14833
13794
18599
13737
14825
14111
15212
14047
14852
13571
14621
13703
19033
14362
15806
14517
14155
13295
14483
14337
15293
13542
19149
13961
14717
14010
14439
13580
14093
13711
15030
14007
18579
13793
15500
14049
14933
13809
14741
13974
14675
17145
18641
13819
14895
13903
15307
13493
14308
13699
14588
13668
19405
14220
15041
14163
14442
14173
14285
13639
25270
14125
18679
14204
15406
14023
14390
14275
14188
14190
14789
13547
19110
13801
15911
14765
14869
13392
15287
13385
14446
13768
18578
13797
15530
14523
14366
13803
14199
14164
14586
13398
19429
13345
14936
13847
14471
13955
14125
13640
14592
13450
19261
13486
14980
14126
14570
14003
13995
13296
14603
13833
18355
13972
16399
18066
16158
13498
14494
13547
15345
14254
18920
13746
14819
13827
14978
14403
14383
13588
15137
13960
19317
13653
15458
13779
16282
14025
14463
14237
14427
13982
19159
13935
15442
16748
17659
14494
14293
13862
14249
14271
18659
13550
15235
13862
13938
14092
14531
13901
14321
13686
18903
13631
15619
13790
14605
14343
14162
13685
14368
13810
18839
13759
16099
14526
14718
15174
15068
13988
15587
13935
18851
14091
15666
14502
14758
14579
14563
13946
19478
13848
19293
13979
14803
13914
14788
14727
15296
13797
14386
13741
19111
14047
15255
14330
14929
14001
14404
13764
14468
13764
18862
13876
15330
14407
14449
14644
14590
14065
14860
13851
19318
13711
15425
14292
14450
14379
14656
14205
14627
14257
19447
13968
15317
13590
14804
14816
14568
14144
15950
13548
19280
13683
15275
13973
14784
14435
15130
13698
14579
14261
19747
14280
15423
14253
16903
14072
15314
13787
14507
14400
19660
14042
15204
14144
14614
14149
14681
13896
15313
13889
19387
14027
15480
13816
14713
14309
15114
14264
14264
13864
18932
13918
14988
14173
14731
14029
14126
13881
15231
14448
19123
14559
15802
14690
14673
14366
14929
13849
15758
14205
18783
13789
15456
14152
14748
14467
14646
13818
14621
13664
19228
14024
14759
14274
14363
14090
14483
14246
14283
13829
19581
14216
15094
18102
15801
14222
14881
14131
14377
13731
19296
14275
15748
13993
14460
14097
14908
13946
14469
13534
19365
14308
15872
13737
14706
14432
14316
13960
14422
13714
19322
13790
15919
14002
14380
14535
14940
14103
15662
14562
18891
14142
15022
13668
14947
14263
14483
13973
14516
14209
18789
13988
15332
13764
14738
14195
14877
13812
15051
14007
19300
14806
15054
13694
14560
13832
14162
13481
14695
13540
19291
14025
16502
13937
14040
14241
14728
13810
14615
13781
19058
14171
14957
13995
14519
14150
14167
13967
14643
13680
18763
13946
18731
17180
15121
14141
14589
13924
15613
14519
19360
14197
15250
14623
15383
14067
14412
13826
14690
13939
19478
13888
15759
14238
14791
13758
14731
14027
14229
14920
19038
14244
14687
13795
14837
13841
14374
14159
18164
14008
19542
13978
15581
14260
14902
13952
14713
13571
14315
14229
20844
14089
14690
13637
14688
14271
14274
13576
14272
13776
18703
14087
15215
14015
15407
13877
15118
13780
15748
14011
18784
13804
15269
13915
14860
14143
14559
14162
14599
13752
19095
13799
15268
13648
14996
13797
14774
14044
14107
14021
18661
14494
15131
13885
14755
13807
14530
13750
14566
13993
19345
14132
15455
14130
14954
13634
14585
13965
14225
13880
19504
13354
15218
13790
14895
13907
14859
13958
14419
14056
18971
14366
15326
13859
15195
13695
14929
13571
14655
14017
18861
13593
14888
13518
15221
13949
14062
13993
14489
14116
19123
13838
14763
13666
14637
13696
14623
13764
14531
14503
18970
14521
15703
14255
15453
13956
14477
13628
14448
14028
19183
13937
15268
13626
15152
13889
14365
13974
15605
14084
18909
14011
15606
13925
15064
14398
14571
13940
15000
14310
19070
14095
15145
13501
14390
13761
14659
13983
16330
13952
20053
13689
15232
13820
15403
13686
14236
13547
14696
13974
18971
14138
15567
14317
15024
13818
14730
13706
14468
14042
18906
14512
15567
17599
15425
14023
14353
13708
14514
14039
18336
14258
15313
14245
14392
13954
14779
13654
14432
13787
18968
14445
14917
13754
14980
13629
14409
14005
14441
14406
19031
14311
15082
13622
14657
13831
14425
13924
15402
14157
18609
14300
15361
13760
15205
13754
14189
13843
14760
13641
19355
14209
15820
13772
14827
14168
15099
14036
14278
14184
19044
14359
15156
14393
15044
13507
14716
14049
14586
14012
19623
13913
15237
13922
14137
14099
14330
13715
14493
13756
18864
14258
15027
13778
14905
13578
14832
13978
14166
14115
19775
14158
19428
15666
14872
13786
14771
13718
20522
13945
19266
14102
14985
14111
14618
13557
13935
13866
14550
13660
19133
13888
15762
13931
14266
13746
14073
13973
14498
13747
19627
14762
15524
14086
14868
13716
14147
13631
14687
13538
18788
14314
14909
13809
14163
13687
14582
13918
14713
13618
18727
14279
14521
14250
14858
13851
14366
13659
18682
14058
18853
14502
15899
13862
14081
13706
14918
13575
15574
14238
18829
14368
15165
14259
14710
13969
14150
13806
15183
13969
18942
14234
15229
14329
14243
13442
14437
13973
14451
14050
19140
14145
15104
14009
15121
14213
14498
13692
14931
13396
18948
14446
14792
13762
14214
13793
14444
13989
14586
13941
18819
14205
14679
13917
14457
13744
13969
13658
15074
14165
19222
14489
15431
14114
14455
14277
15530
13900
15428
13794
19287
14470
15257
13774
15306
14025
14539
14002
14792
13946
19101
13910
14880
14039
14418
13457
14608
13669
14649
13857
18529
14485
15734
14431
15113
13958
14983
13840
15097
13777
19413
14288
15064
13934
14411
13692
15035
13816
14770
13681
19330
14350
14725
14107
15379
13887
14401
13628
15332
13578
19507
13908
15576
14113
14222
13995
14971
13796
15469
13842
19424
14427
15271
13836
15213
13328
14403
13801
14842
13643
19649
14162
14729
13953
14362
14046
14519
13611
14378
13664
18695
14111
14820
17456
20606
13683
14206
14453
15115
14108
19095
14249
15264
14017
14056
13677
14341
14000
14635
13526
19393
14237
14840
13654
14737
13838
14281
13925
15212
14112
19708
14119
15197
14033
14644
13785
14639
13921
