35408
6501
3359
1359
1282
1474
2320
1365
1307
2733
4385
4706
3553
2856
2918
3775
3285
3494
3365
3232
3438
2928
4248
2419
3004
2694
3509
2264
2606
2026
1835
1778
3788
2130
2416
1918
1966
1998
1712
2045
1885
1645
4213
1645
2270
1877
2023
1861
2033
1967
2027
2003
3240
1820
2405
1815
2128
1927
1830
1996
2060
1666
3366
2198
2423
1821
1714
1943
2293
2128
1859
1758
3485
1801
2340
1790
1779
1877
1837
1911
2260
1641
4012
1834
2752
1820
1943
1761
2241
1868
2020
3543
3643
1997
2136
1762
2060
1734
1752
2060
1893
1805
3617
2191
2057
1759
1768
1969
2101
1880
3194
1964
4074
1906
2170
1762
2106
1631
2063
1700
2022
1813
3586
1970
2547
1821
1989
1766
1816
1903
1862
1778
3423
1741
2022
1987
2038
2224
1735
1647
2215
1755
3307
2304
2215
1770
2236
1657
2013
1609
1911
1822
3188
1711
2361
1726
2094
1913
2199
1783
1841
1615
3397
1726
2970
3077
1789
1492
1927
1656
2147
1844
3377
1727
2422
2362
1945
1997
1661
1755
2239
1781
4163
1776
2914
2120
1968
2132
2151
1674
2024
1758
3239
2203
2264
3279
2406
1855
2125
1992
2088
1966
3436
2064
2769
2205
2391
1753
1895
2005
1916
2237
3610
2009
2424
1674
1992
2067
1787
1755
2300
1751
3437
1874
2491
2246
1813
1845
2004
1713
2024
2205
3185
1762
2015
1733
2219
1931
2058
1899
3484
2440
3305
1699
2161
2265
2106
2001
2614
1748
1887
1756
5177
2686
2426
1959
2474
2596
2126
1771
2401
2038
5628
1885
3350
2083
2185
2153
3013
1745
1990
1963
5465
1940
2811
2036
3132
2620
1918
1884
2387
2007
3024
1657
2080
1879
2399
1801
1741
1990
1975
1886
4015
2154
2577
2077
1930
1967
2024
1663
1841
1799
3678
1710
2127
1812
2621
1806
2008
2247
1941
1799
3322
1969
2348
1863
1920
1729
1696
1687
1913
1945
3523
1763
2323
1622
2026
1986
2441
2156
1829
1942
3220
2252
2396
1756
2399
1683
1901
1773
1859
2114
3478
1790
2259
1799
1657
1806
1957
1984
2276
1938
3602
1872
2089
1630
1843
1671
1892
1856
1809
1856
3279
1836
2566
1762
1923
1848
2418
1679
1638
1795
4090
1911
2158
3109
2058
1763
1818
1529
1824
1786
3335
1920
2097
1855
1898
1692
1750
1564
1617
1653
2852
1846
2167
2098
2539
1946
1985
1804
1798
2278
3015
1760
2103
1743
1689
1706
2139
1768
2102
1806
3311
1905
2186
1698
2104
1683
1780
1726
1882
1659
3436
2260
2386
1739
1735
1665
1774
1635
1728
1785
2931
2080
2078
1762
1814
1640
1945
1635
1790
1692
3503
1859
2172
1820
1834
1721
1800
1806
1860
1660
3178
1932
2335
1871
1760
1865
1825
1906
1709
1768
3268
2041
3751
2362
1887
1867
2402
1721
1982
1649
3468
1665
2411
1935
1970
2311
1727
1696
2371
1699
2970
1797
1982
1926
1598
1958
1772
1770
1715
1887
3469
1746
2344
1752
1752
1759
1819
1904
3400
2141
3605
1883
2260
1866
2010
1878
2048
1751
1717
2059
3429
1664
2128
1632
2192
1930
1762
1614
2127
1983
3446
1830
2088
1879
1654
1717
1933
1718
1965
1838
3364
1808
2271
1669
1778
1798
1631
2155
2009
2142
3835
1971
2363
1808
1846
1525
1943
1659
1946
1690
3317
1685
2359
1733
2034
1925
1802
2092
2005
1705
3676
1627
2347
1642
2009
1698
1776
1952
2084
1893
3250
1907
2249
1832
2316
1769
1782
1871
2099
1991
3018
1990
2225
2122
1861
1815
1931
2923
2031
1732
3837
1788
2439
2072
2066
1718
2389
1987
1885
1937
4282
1830
2430
2027
1787
1797
2100
1978
1802
1816
3897
2031
2588
1964
2205
1783
1768
1798
1962
2078
3418
2106
2244
1793
1854
1809
1853
1792
1827
1813
3410
1778
2328
1922
2062
1866
1913
1702
1912
1819
3149
1864
2182
1840
1645
1694
1878
1813
2048
1859
3416
1821
2084
1910
1788
1670
1758
1860
2719
1819
2976
1946
1950
1944
1721
1710
1890
1640
1692
1815
3463
2089
1939
3087
1773
1746
1641
1751
2003
1893
3380
2356
3151
2056
1700
1741
2312
1705
1826
1834
3220
2007
2025
1967
1892
1763
1963
2135
2060
1683
3614
2906
2015
1908
1797
1997
1826
1886
1943
1832
3691
2206
2118
1629
1791
2116
1913
1700
2290
1793
3244
2412
1975
1936
1740
1761
2061
1699
1657
1844
3868
2297
2176
1661
2339
1719
1629
1717
2214
1568
3267
2187
1893
1782
1868
1876
1704
1837
1840
1755
3450
1859
2002
1766
2186
1717
1612
2030
1921
2217
3239
1935
3397
2428
2144
2199
2472
1919
2004
1881
3200
2305
2333
1781
1821
1776
2155
1857
2228
1794
3788
2126
2534
1714
1667
1859
1967
1852
1737
2020
3189
2345
2011
1600
1955
2078
1823
1703
1730
1766
3174
2095
2659
1825
2046
1787
1785
1716
2171
1744
3095
2009
1873
1671
1773
1702
2102
1740
3080
1662
3492
2079
2169
1830
1843
1754
1872
1867
2498
1704
3486
2033
2237
2045
1814
1681
1771
1780
1794
1951
3513
1860
2188
1960
2038
1772
1662
1701
1575
1699
3974
2125
1920
1658
1811
1993
1856
1937
1814
1736
3098
2086
2020
1702
1809
1902
1805
1821
1800
1715
3708
9401
1967
1641
1658
1643
1790
1599
2116
1752
3344
1992
2361
1726
1860
2202
2014
2254
2265
1610
3314
2169
1976
1753
1988
1568
1805
2062
1700
1605
3283
1954
2252
1824
1884
1763
2007
1917
1984
1759
3914
2662
2215
1861
1749
1679
1830
2123
1717
1771
3482
2362
2139
2122
2063
1727
1759
1760
1692
1793
3065
1839
2143
1775
1844
2069
1731
1893
1777
1734
2989
1813
1962
1998
2047
1827
1768
1806
2612
2032
3833
2114
2303
1694
1793
1754
1680
2014
1792
1757
3279
1846
1999
1758
1742
1700
1687
1857
2366
2040
3436
2191
2194
3647
2069
1771
1716
2000
2061
1749
3091
1985
2206
1841
1835
1913
2173
1839
1914
1884
3584
1800
2007
1689
2043
1893
1728
1789
1862
1767
3505
1991
2222
1865
1789
1695
2227
2181
