176367
210292
91930
74955
74684
81527
79651
76170
76526
91563
91676
91836
93115
83975
87176
86306
85206
83075
84924
83668
85626
81998
91514
80335
83446
78786
92015
78940
80726
79325
79860
82362
93554
80128
84035
80002
81807
79340
80969
79391
81782
80001
92738
80234
82602
79548
80350
79792
80883
79342
82512
79289
92443
80538
82438
79599
79593
79435
79312
79082
80581
79005
99042
79470
84248
79130
79026
80161
80340
81148
80917
78827
93499
80313
81914
78125
80424
78891
78661
79386
80440
84426
93517
79389
85647
80611
80397
79909
80912
80348
79289
93687
92925
79211
82238
77679
80618
79317
78672
79097
80298
78810
92796
78306
83952
78770
78155
78985
80092
79356
93990
81352
92988
79269
83163
79576
79692
79272
79055
78728
80059
78568
92971
79758
86785
80348
77727
77976
80416
79514
79705
78804
90987
78797
81229
78050
79384
77918
77940
80022
78917
77366
93244
79324
83040
79470
78219
79030
78593
77826
77388
78440
91671
79469
81495
85368
79949
78861
78714
79207
79303
77698
100093
79751
86620
94107
81232
78411
80640
79754
82812
78196
92369
80651
82680
80695
82155
82587
80671
80278
82655
80929
92644
86182
83817
80952
81127
81087
81137
79669
86804
88596
92865
79946
81768
89760
86239
80079
80175
79774
88795
81432
93171
79860
82768
78812
79457
79414
80121
78646
78691
80080
93862
80747
83874
79768
82052
85994
79857
79445
79595
79324
91849
80671
85779
79577
80154
80654
80852
79671
82762
79968
95142
80216
83447
79361
80489
80345
79169
79595
93422
79811
93919
79322
82378
80296
80380
80912
80261
79589
79054
79061
91408
79313
82422
79091
81472
79169
78018
79437
78878
78474
91937
79787
82626
79645
79180
79812
79506
79321
78944
79491
92722
79678
82363
79012
80560
78832
78924
79431
80144
78856
92926
79366
81907
77754
79257
78611
78759
78225
81369
79886
93351
80425
83119
79881
80131
80349
84858
78236
80050
79621
92682
78905
83486
79672
85721
80580
79964
89509
79965
80058
94948
81190
83700
81295
88773
80264
79725
79652
81669
85147
93043
80096
84312
79126
79970
78884
80708
79836
79839
86178
93920
79124
82489
79926
82487
80007
79985
78471
80505
80138
94309
79906
84067
80275
80507
80403
79250
79007
81556
79830
94767
79214
82150
78791
79582
79471
78724
78480
80756
79442
93456
80162
82502
79433
80245
79522
79278
79208
79155
79698
97012
80817
81951
90483
81265
79192
79353
78442
79908
78326
93213
79454
83423
79004
78885
78189
79439
78868
77967
78699
91865
78654
81470
78817
79832
78743
78434
77493
79625
78674
100341
78516
81260
77487
79355
78287
79878
77361
80573
78937
100883
78671
86581
78755
79703
78161
78687
77639
78836
78780
92047
79756
82511
79646
79482
78815
78970
77380
79165
78794
92853
82581
80415
78071
79372
78305
78771
78182
79300
78681
91661
79364
84283
78379
78131
78487
79511
78449
77496
77571
92614
78842
81792
77611
80245
79016
77539
77257
79258
78672
92345
78589
95199
87191
79233
78150
78957
77597
81234
78184
93524
78801
81381
78695
79043
79010
77850
78324
81365
78723
93527
78826
81781
80330
78561
78306
79153
77531
79829
77984
92375
79098
81056
79913
80114
77821
84125
76959
91757
78439
92184
78507
82818
79496
78219
78863
78683
78049
79134
78476
93028
78733
81844
79207
78886
78233
77445
77862
80563
78108
92781
78324
81186
78727
79526
77811
78206
77427
82537
78953
92963
77990
81401
79078
79838
77937
77359
78638
78336
79022
92334
77160
83449
78789
78148
78240
78640
78560
79255
77916
94989
80483
80952
79212
78822
80920
77647
77597
79591
78374
92550
78308
81364
79292
78215
77469
78648
77974
78345
78249
92849
78664
82186
79056
79870
79560
78118
79359
80394
78349
92570
79616
81396
78730
79673
85502
78806
78492
81166
79336
92260
78215
83424
79457
78967
80010
79026
77678
80764
78112
92355
79019
82120
78628
80697
79486
81374
79083
80910
78668
94684
81107
83383
80573
81865
79665
79733
79301
81239
78673
94358
80116
83843
80367
79139
79961
80071
80029
82278
79026
94736
79900
82276
79385
79931
79889
79506
78653
80726
78113
93927
79229
81856
80422
79727
86325
80085
79364
81705
77635
98899
78391
82207
78820
79531
78770
77562
77972
79878
78467
93028
80310
80623
78504
79062
77889
79541
78458
78450
78133
93097
81779
79643
91141
79962
78711
78223
78527
80703
79280
92413
82296
80022
78971
85863
78990
80132
79275
79423
78579
92763
80226
88183
80115
80319
79351
79197
79077
80261
78943
93895
79000
81782
79613
78349
79527
78726
79148
81176
78859
94092
80386
81174
79530
80357
78905
78958
77978
80287
79385
92735
79406
79722
78784
79647
78174
79538
78576
78578
77531
91377
82399
79771
79353
81376
78463
79030
78818
79022
87162
93633
80220
82163
79895
77679
78232
78690
76907
79535
78835
93080
80123
80090
77633
78845
78618
78525
78385
80902
77648
92486
79457
91981
85670
78384
79345
78706
80508
82054
76927
92699
79780
80915
78010
80005
78648
79494
78773
78551
79001
93108
80392
81604
78360
78312
78951
79276
85028
79136
78052
93564
81836
81265
78618
79728
78233
78636
79962
79852
78070
93076
79859
81338
79428
79301
77948
79798
77554
78845
77271
92928
80201
80722
78891
79107
78630
78926
77794
92274
78427
91258
79151
80960
77857
78439
78415
79827
80812
80761
78329
93227
81132
81796
79354
79161
78371
83592
77639
79074
77824
92490
78868
79088
77860
77692
77572
79147
77266
77506
77794
91306
82063
79646
77617
79625
78425
78629
78439
78915
76942
91349
79987
82360
78234
77962
79891
79330
78238
84652
77652
93350
79567
80838
78858
78625
78331
77584
77805
80165
77600
92226
79818
80738
77525
77924
78253
78625
79472
79764
77567
92015
82437
80704
77637
78794
77992
78429
78476
78353
77715
92527
79363
80600
78730
78381
77553
78844
78952
77585
78253
92689
80487
80376
79430
78716
78677
80166
79124
78950
77280
93170
78600
82676
87541
83370
78007
79892
79100
77450
77869
92767
80299
80732
78004
79542
78438
78261
77258
79400
77110
92108
80304
82226
77050
77733
78159
79233
79438
79825
77775
94464
80192
80817
77795
78424
77615
77436
79043
79908
77310
91406
86804
81008
78182
77762
85559
79236
78155
78218
77611
93071
79908
79884
90068
80060
77651
79187
80599
79667
79162
93595
80736
81836
78434
79247
79760
78990
79756
79096
79594
94339
81580
80500
78384
79773
78720
78692
79350
79642
78956
93188
80521
82898
79597
80588
79050
80115
79823
