10 total request(s) per second
3049949
3943259
3171732
3389388
3292227
4104413
3290979
2995671
3007417
3265158
3160770
3018264
3056988
2843918
3170329
3201788
3194914
3002834
3131392
3137166
2964106
3018884
3220221
3018923
3156298
3361067
3563718
3413299
3227501
3394219
3017246
3304787
3218748
3220109
2972241
3170795
2988330
3080594
3208379
2945904
3179461
3074323
3239761
3250764
3220207
3407416
3245180
3233073
3345140
3022542
3330940
3230307
3283350
3104790
3558052
3252179
3199165
3318785
3154518
3298458
3062039
3052585
3300115
3199072
2828923
3220542
3376988
3076952
3481349
2983972
3343832
3176801
2927088
3288723
3083393
3128437
2468847
3220873
3320776
3466127
3309359
2980390
3404951
3372484
3484630
3262151
3321666
3314456
3158041
2808028
3202792
3156308
3374379
3083898
3218372
2910794
3234492
3085020
3521776
3343505
3359612
3241032
3370971
3120108
3012001
3282223
3101149
2621316
3176907
3213821
3389520
3230200
3192133
2977295
3080527
3178741
3088185
3369855
3419187
3356935
3379087
3068849
3337156
3333442
3316853
3206632
3478117
3139442
3428785
3623775
3385258
3118677
3174385
3311339
3289095
3166799
2981597
3362852
3253173
3169743
3149105
3142594
2941371
3162817
3228880
3307294
3369391
3023187
3192306
3171940
3130517
3370706
3410030
3151849
3302844
3299245
3825962
3226582
3167409
3010901
3330208
3141963
3492857
3381111
3258265
3211705
3114585
2932471
3237368
2979430
3102892
3337651
3179377
3286767
3303318
4232109
3591747
3307609
3126597
3031880
3083146
3095368
3141761
3393950
3176207
3369663
3296973
3443655
3261058
3340618
3224639
3214231
3533649
3388205
3441397
3398009
3038861
3847928
3366696
3672916
Errors: 0
3172788
3245939
3092619
3236875
3552829
3400082
3001185
3228554
3212041
3437093
3213849
3166005
3162931
3234342
3342936
3272648
3218575
3517965
3048311
3216300
2973328
3026396
3192734
3108893
3095075
3198335
3151583
3269266
3299825
3002473
3244653
3117912
3183339
3010181
3003927
3072680
3061107
3124999
3038522
3134634
3141108
2869233
3016987
3193486
3140856
3435992
3487121
3223538
3057811
3176583
3248778
3050347
3229916
3113282
3274475
3248548
3053008
3166720
3039001
3051108
3250043
3321730
3060797
3195797
3360769
3092741
3070897
3320789
3343804
3049556
3152470
2912096
2941153
3180708
3240328
2970316
2961340
3115320
3108547
3337837
3297980
3118449
3134792
3204143
3333988
3355167
3315301
3083150
3110224
3248047
3176534
3143368
3167821
2946498
3163017
3221330
2941956
3333354
3278676
3223509
3185665
3036988
3144476
3210315
3410645
3278219
3059358
3029620
2951227
3014980
3187820
3045966
2962847
2943521
3472628
3210834
3129577
3210886
3098154
3271097
3197424
3201015
3093626
3098661
3256333
3105382
2691152
3007204
3040557
3092802
3180864
2952141
3005858
3144784
2896477
3332851
2891021
3073065
3338275
3274935
3222439
3256913
3271176
3157825
3136735
3462483
3238180
3701884
3106168
3255247
3127924
3170106
3144366
3136386
3275819
3145788
3257167
3171196
3306792
3274488
3109383
3421764
3430607
3963896
3321065
3344871
3106442
3102375
3180685
3262327
3248611
3185641
3238964
3349498
3274766
3397350
3488831
3177766
3440705
3166760
3212882
3131132
3147298
3223680
3154995
3297093
3347903
3238402
3034645
3348233
3378202
3515335
3211710
3411747
3336158
3391275
3149164
3350652
3216319
3212407
Errors: 0
3347211
3202153
3111472
2960018
3131458
3216280
3208939
3276954
3117402
3374521
3061771
3201098
3118110
3319024
3149146
3178398
3175345
3305613
3215043
3332990
3156091
3210009
3164348
3223712
3175676
3703285
3297506
3244165
3391233
3122026
3349817
3161538
3159680
3121032
3305009
3370552
3169381
3585907
3052112
3197897
2494163
3257829
3347795
3206946
3129847
3357997
3192967
3332088
3215306
3297700
3214928
4810194
3183386
3239034
3332782
3336312
3152095
3065287
3057177
3145624
3102329
3294947
3707574
3825810
3563436
3521067
3389826
3437037
3500419
3195991
3309454
3162656
3273646
3190934
3304608
3185670
3375149
2550934
3409177
3430691
3288908
2967628
3108579
3223246
3434508
3253483
3439807
3492262
3153320
3142859
3948668
2960924
3045667
3030410
3164486
3363228
3156047
3211079
3204699
3175577
3049142
3102851
3151339
3332431
3182754
3309139
3247150
3153234
3246734
3143828
3126496
3237569
3285890
3267626
3511430
4960041
3424541
3740242
3424692
3050127
3157320
3217236
3155270
3150013
3016763
3129247
2944456
2948698
2911665
2836700
2969406
2922975
3066113
3236757
3136248
3561019
3067644
2991188
3101904
3081539
3159485
2955274
2957486
2978813
3216041
3182471
3135677
3496205
2987957
2946794
2997939
3134226
3151343
3116868
3068092
3414597
3139306
3140553
3086528
3090772
3005490
3076058
3020655
3024327
3204343
3004728
2947891
3163619
3119746
3230973
3064327
3158147
3143713
3182476
3203124
3122330
3164731
2846915
3071468
2936810
3492716
3014168
3009493
3189118
3198538
3173684
3410351
2464981
2996096
3544927
3236648
3003099
3137290
3116227
3273311
3133322
3076466
2922337
2928655
2893343
Errors: 0
2925016
2985887
3048312
3000876
3254380
3158594
3130326
2434149
2725668
3030461
2962436
2791892
2867379
2888056
3110843
2877219
3056993
2838690
2351101
2731836
2754055
2919334
2938873
3052182
3009533
3156777
3539363
6092215
3061003
3025216
3003834
3008288
2803672
2846877
2997149
3102028
2838484
2750845
2874767
2997283
3073686
3235296
2369453
3162333
3205949
2824148
3215305
3232427
3155584
2322984
2723651
3145438
2978429
3687132
3121378
2480578
3141154
3113467
3048859
2913523
2894812
2924985
2982516
3075782
3150683
3236589
3126266
3225182
2847297
2934981
3210527
3010293
3001101
3098679
2975510
2960215
2905365
3119885
2397152
2785202
3199277
3170974
3203824
3225097
3167177
3034459
2938133
3088480
3022207
2703329
2874012
2877825
2926630
2818506
3357851
3030340
3107244
3118842
2985317
3086964
3127567
3060720
3174216
3077702
3232650
3132147
2402564
2969365
2255062
2736707
3215754
2739710
3125227
2917396
2961702
3072699
3263060
3243344
2872016
3015137
3107255
2898918
2766697
3053721
2910685
2849156
3063424
2939210
3017671
3001013
3024262
2962765
3047259
3165063
3198068
3043995
3345467
3183250
3897912
2866602
2971351
3293387
2842668
3155897
2988638
3218235
3401758
3393427
3066827
3218296
3335580
3225502
3108683
3278946
3448040
2982137
3209129
3085931
2756859
3066050
3057189
3125951
2952621
3124299
3113434
2365819
2979291
3192964
3051533
3218583
3082620
3082034
3217806
3195895
3218167
3159991
3126083
2867234
2937233
2930990
2779827
2980793
2917114
3246625
3081602
3207214
3264227
3189192
2936605
3112782
3150448
2899603
3090878
3197085
3043927
3064835
2972308
3019480
2944479
2995669
Errors: 0
3118695
2955089
2996806
3122997
3093393
3081471
3111855
3162557
3070894
3179616
3229498
3092573
2950943
3183179
2984135
2891226
3265801
2953720
2977639
2878788
2945120
2997338
3090027
3229169
3132029
3148608
3306362
3194367
3309975
2858788
2826358
3004033
3487859
3053137
3412442
3058037
3109529
2914715
3187113
3118959
3044592
3012125
3166591
3259563
3208542
3229986
3083038
3071603
2936684
3243483
3064500
3055470
2916903
3166361
3209017
3142321
3288416
3194618
3227296
3169868
3181430
2943658
3175404
3102727
3495520
3065434
3222003
3013154
2908130
3217532
3343149
2951964
3003402
3223380
3186582
3941639
2500071
3323217
3036756
2530509
2294810
2497830
2663720
2580042
2611318
2750196
2543474
2689127
2585547
2551936
2376196
3186761
2674670
2970225
3382706
3477043
2860700
3386841
3302035
3222151
3686623
3041560
3146655
3212659
3525410
3191740
3002900
3160623
3065855
3124909
3048258
3185638
3200571
3385429
3177840
3227875
3117682
3321375
3093435
2929596
2993834
2943385
2971772
2763217
3091649
3024942
3005484
3083566
2774810
3097181
3342669
3179696
3296101
3185118
3314083
3233325
3062438
3228302
3023995
3100647
3053098
2423126
3136119
3167772
3097804
3149905
3130884
3163764
3031688
3040287
3019902
3240764
3088858
3120087
3117886
3203167
3251333
3203854
3017464
3573857
2779601
3093734
2851529
3001488
2939273
3114611
3115458
4204842
2974712
3007851
3112810
3045340
3180608
2433608
2250718
2841425
3195180
2940082
2991906
3273288
3206307
2824791
3003865
3093930
3264780
3211427
3035188
3225287
2659785
3202575
3153857
3133024
3084153
3075750
2922376
3208422
3095624
3165793
2869207
3059827
Errors: 0
3106259
3011366
3100802
2979271
3114929
3094048
3081701
3151987
3102703
3119053
3083011
3080295
2993243
2787999
3213510
3141794
3346857
3271745
3174747
3568814
3195185
3139766
2967239
2801068
3326274
3147715
3043200
3185165
3125687
3127568
3339531
3230200
3020045
2854572
3171315
3106534
3236182
3202267
2974849
3332845
3250121
3365888
3575425
3458653
3167575
3195995
2827559
3158519
3430969
3223858
6633556
3134462
3057789
3321694
3276211
3132840
3784056
3196559
3250568
3263192
3211733
3185531
3197133
3489168
3224933
3128065
3171946
3224964
3174048
3076534
3115845
3291528
3103983
3248564
3007369
3215382
3658574
3175937
3995865
3314524
3231593
3283583
3240405
3183317
3006952
3126861
3136656
3378084
3308751
3167009
3207064
2911373
3101909
3213767
3196410
3100411
3434919
4046005
4319192
3508786
3572082
3609700
3481855
3469235
3411659
3662534
3836070
3557038
3614970
3856617
3330250
4357827
3793061
3640665
3348660
3318752
3439500
3631402
3454202
3563744
3605353
3467555
3496004
5393149
3661545
4489520
3544980
3645517
3453448
3437108
3453084
3260302
2775019
3305061
3311535
3687728
3416295
3604987
3534104
3324035
4044753
3470697
3374647
3792513
3616490
3686815
3658100
4783258
3994922
3533329
3292672
3490742
3960723
4066493
4207923
3436228
3338638
3489073
3482540
3247736
3409006
3240939
3425985
3534111
3365474
3462145
3795034
3526197
3550658
3480373
3137436
3192718
3246598
3313298
3204003
3735451
3794092
3459428
3429622
3749380
3566877
4379035
3573710
4041561
3360178
3565955
4011178
3604310
3375953
3343644
3867469
3317144
3556334
3527285
3322824
3475607
3158976
3398162
3554758
3581564
Errors: 0
3577106
3662735
3451143
3582582
3858074
3095725
3655308
3693363
3448452
2881495
3412925
3479655
3381090
3622871
3529667
3368205
3237349
3591931
3655351
3731113
3517279
3643333
3381591
3448617
3233717
3600864
3248402
3038774
3489957
3417081
3609809
3531974
3312167
3333188
3265220
3261420
3319530
3541574
3538301
3306454
3326982
3501526
3392374
3564097
3446348
3262666
3651575
4331588
3386096
3345922
3758614
3577206
3343639
3499044
3011133
3339969
3377903
3538875
3450612
3374710
3618712
3806036
3379039
3540516
3327404
3330739
3655857
3876160
3344449
3457396
3288047
3465429
3463845
3582826
3323181
3471928
3353821
3355768
3931139
4304732
3965487
3131311
3575558
3366405
3589148
3773686
3898802
3976128
3394045
3677179
4044016
3528422
3544771
3821561
3499393
3398974
3777865
3438754
3470259
102326303
3773569
3432822
3511013
3586203
3635085
3371162
3383370
3845607
3459578
3703536
3687164
3375120
3386200
3727934
3378455
3400460
3750370
3155498
3436765
3567705
3263061
3304877
3363336
3389657
3500650
4005435
4498200
3298908
4840375
3543804
3380582
3458841
3530889
3495478
3268468
3565881
3485978
3602573
3554782
4059448
3557194
3380985
4985274
3544734
3748728
6194097
3489438
3632875
3676835
3829586
3662322
3669088
3655479
3563735
3751560
3617739
3329402
3785636
4323858
3224769
3822598
4562591
3653884
3282707
3041709
3868815
3572367
3767649
3845107
3839117
3432279
3805523
3203148
3836027
3408116
3382779
3618852
3829442
3422299
4699251
3513093
3838557
3464464
4183249
3483851
3295150
3831515
3499875
3562567
4102740
3794749
4294995
4566913
4590303
4042976
3859918
3858078
4007294
3989883
4863349
Errors: 0
3942014
3574947
3604501
3782031
3492978
3659025
3921551
3894733
3707452
3527815
3691794
3736520
3766127
3570780
3702358
3443191
3935894
3713610
3578398
3514490
3289169
3694464
3553442
3773262
3284811
3363110
3440096
3529254
3895352
4058802
4108834
3303254
3494700
3728940
3747785
3425158
3248793
3660908
4286634
3475959
3227565
3325310
3690580
4403305
3868422
3721355
4422137
4614411
3946965
3895014
4457005
3503135
3389255
3453826
3893148
3156367
3360742
2976261
3214249
2908437
3282456
3139298
3073470
3498842
3782330
3415488
3170169
3254145
3434214
3225713
3174660
3000711
3338857
3404463
3252363
3161432
3086435
3115684
3952775
3019109
3558363
3160006
3255749
3384283
3115538
3338440
3188657
3153564
3301129
3283873
3741434
3203967
3123093
3195374
3215907
3267351
2993767
3338174
3066762
2902909
3060560
4851520
3258460
3350052
3160840
3126697
3156233
3175852
3442219
3023105
4091198
2932004
3250792
3221492
3085051
3208833
3957872
3152873
3119872
3288495
3101002
3063504
3067645
3171750
2965145
3175430
3727064
3737010
3195444
3204335
2978815
3087361
3009177
3359671
2981506
3152561
3345549
3370439
3448977
3352099
3080608
3148968
2898066
3286620
3026353
3280030
3111661
3366400
3407472
3222889
3269358
3395011
2829592
3305449
2883769
3388351
3267315
3045995
3216192
3172285
3139436
3020024
2755750
3036192
3055280
3469114
3072528
3332917
3283245
3707033
3112304
3191311
2781054
3335535
3159487
3207167
3066143
3111276
3411480
3066288
3054467
3159169
3199347
3641855
2939946
3204893
3267822
2925172
3541684
3448252
3194907
3439194
3515297
3439500
3250236
3310724
3224678
3017473
3339753
3158849
Errors: 0
3107337
3110544
3108986
2971296
4083284
3237940
3169176
3091800
3156952
3240135
3085796
2941178
3273645
3175499
3234558
3298588
3043856
3110534
3727688
3169077
3065930
3127489
3137888
3045874
3042934
3141575
3160513
3166209
3021133
3259244
3349127
3615817
3186344
3135483
3107561
3397538
3156329
3101427
4174397
3209841
3187664
3526332
3281699
3189663
3108829
3289210
3165428
3347487
3324576
3156476
3126756
3058116
3137744
3342826
3058398
2660464
2916051
3103013
3439355
3209515
3008178
3069151
3327091
3244630
3201894
3188907
3247527
3054578
3442308
2996376
4075654
3172756
3158042
2989759
3826271
3192993
2582113
3233489
2651625
3036357
3167314
3515370
3313984
3324986
2831787
3240006
3172825
3191155
3137488
3288051
3144063
3233120
3142176
3191220
3119094
3208045
3072829
3088165
3220870
3281222
3171191
2964404
3347332
3236292
3259381
3236663
3137307
3219035
3333129
3181981
2962832
3125418
3014768
3152786
3104592
3228111
3182063
3084734
2988534
3343152
3472848
3138166
3175180
3185555
3143752
3210467
2995251
3021601
3242921
3395957
3240711
3028260
3158258
3249816
3328848
3143021
3515791
3141712
3394964
3319268
3066419
3057282
3185579
3085431
3035652
3477681
3213770
3180005
2493840
3359613
3124545
3036786
3404590
3319903
3296690
3343197
4347791
3430558
3239053
3415426
3356936
3413869
3155177
3353259
2680978
3296819
3252077
3241654
3390990
3414944
3254848
3137333
3265718
3075875
3034302
3465942
4622537
3097247
2957095
3931412
3099541
3151563
3251896
3099712
3243747
3226422
3392044
3060971
3315434
3316666
3144171
3116097
3280492
3267678
3288509
2747726
3216525
2980609
3241126
3269962
Errors: 0
3043947
3046920
3243298
3225004
3613236
3184426
3130807
3077317
3039549
3476386
3213230
3264019
3271061
2879957
3227012
3081021
3344459
3204850
3162635
3249780
3245547
3183325
3211876
3137700
3470802
2976565
3266898
3062408
3106116
3363708
3151673
3245598
3196160
3081813
2975823
3200543
2990837
3222536
3126953
3185049
3186137
3183912
3219213
3153037
3272356
3339153
3202530
3275491
2555832
3436480
3041636
3149872
3404153
3192621
3790691
3081600
3671870
3057079
3062229
3189498
2978183
3191314
3462034
3250793
3190720
3292924
3697088
3170781
3265799
3198440
3180142
3317209
3371908
3136596
3031917
3202478
3205773
3495688
3139618
3407552
3348050
3221538
3107716
2971560
3230504
3357163
3238288
2890335
2855059
3301108
3631205
3347209
3178385
3190876
3107840
3325512
2976525
3193464
3171055
3207500
3146667
3001127
3164437
3111465
3252005
3369334
3182669
3139092
3302097
3283687
3238707
3134508
3229883
3702744
3156780
3031274
3177002
3222016
3624267
3357141
3346407
3271135
3324004
3239232
3104386
3352697
3200915
3203227
3384116
3275136
3264243
3196362
3377944
3155128
3726069
3480708
3728745
3555533
3523898
3744934
4343930
3759915
3704274
4638186
3577576
3889347
3530624
4639073
4040503
3821603
3572305
3569590
3530106
3805700
5421106
3461124
3776160
3917377
3686030
3611298
3353380
4045971
3437010
3495515
3656743
3592188
3468391
3470952
3703661
4445163
3628949
3533974
3838638
4072981
3801365
4008700
3606038
3467233
3569210
3710498
3434317
3573946
3993844
3436847
3827407
3846821
3448425
3526694
3593572
3732902
3476937
3756331
3804953
3435337
4643592
3669715
3341345
4450030
3170998
3299561
Errors: 0
4254201
3089883
3364588
3136228
3162292
3241292
3096280
3398798
3307676
3057206
3384958
3579529
3190810
3084194
3420227
3118350
3221328
3173653
3303767
3110048
3184992
3158501
3158603
3088075
3248091
2999405
3269096
3868103
3358546
2942575
3358830
3291221
3289422
3132127
3200747
2990952
3269890
3068536
3165693
2979891
2439579
3034984
3308274
3212300
3211168
3025105
3078624
3350804
3366751
3058106
3299912
3257047
3700024
3113153
3343551
3192326
3166948
3183157
3134112
3188945
3317580
3026469
3072565
3486346
3278320
3131736
3278550
3082100
3196345
3139559
3495571
3256186
3145562
2937456
3058667
3051470
3225141
3141250
3024719
3194905
3362006
3228337
3354326
3236592
4980271
3304114
3218927
3386351
3302525
3186097
3362724
3279789
3449891
3151276
3160608
3047052
3212464
3240439
3062476
3213103
3281788
3364416
3408413
3416822
3182339
3169087
3212660
3244960
3100381
3218646
3296500
3275024
3071102
3061197
2984259
3084590
4007351
3250901
3124655
2984162
3177985
3110584
3237721
3168121
3398086
3235964
3394765
3316549
2918467
3202553
3323208
3245381
3143593
3102815
3110097
3247239
3099034
3191430
3048816
3167261
3358766
3538652
3180040
3014497
3179343
3060285
3288101
3108175
3076907
3131969
3132539
3041080
3350773
3182932
3282821
3210161
3064452
3044675
3260089
3218577
3503028
3852940
3268410
3073697
3164592
3200971
3102707
3249316
3022300
3024107
3076009
3279345
3162105
3313089
3094645
3256188
3168584
3235981
3191195
3330374
3244876
3026152
3289421
3232746
3347615
3310208
3358959
2959846
3258465
3220267
3420415
2721066
3290913
3204961
3552383
3295255
2989970
3209070
3326898
3054914
Errors: 0
3429279
3152412
3102064
3175738
3202296
3083167
3115747
3028246
3206199
3138184
3212487
2529065
4277864
3100676
3152254
3688438
3117915
3070402
3082173
3084006
3129793
3171714
3522834
3124613
3259493
3092950
3049571
3009947
3114978
3110267
3439456
3304210
3784353
2938866
3282701
3032164
3225707
3144022
3047418
3357775
3324599
3383510
3126389
3093932
3155493
3225802
3309010
3087280
3244765
3195600
3160008
3134787
3074676
3197884
3272216
2902568
3115463
3159031
3072561
3029503
3097070
3074988
3184813
3119752
3322542
3172878
3011733
2868560
3514495
3256794
2961867
3337122
3265827
3463884
3115425
2400398
2741355
2636524
2545970
2661323
2636763
3240219
3407165
3050119
2690521
2713917
2954522
2636408
2799215
2523785
2689273
2471159
2539652
3093101
103531296
3548558
2977814
3387944
2688167
2794840
3310824
3359487
3131409
3478884
3274729
3157058
3299604
3185529
3112888
3665945
3154332
3681012
2413608
2553780
2571607
2809314
2455449
2723811
2582294
2502820
2826877
3138589
2682495
2979893
2864996
2820174
3031714
3215310
3041776
3194625
3086526
3323175
3075954
3235143
2501031
3092179
3099174
3268375
3282485
3126420
3200673
3197486
3144549
3668425
3400335
3235715
3261506
3213677
3218612
3211492
3685985
3383547
2482467
2418309
2323552
2756351
3012685
2532443
2933504
2744089
3114498
2204345
3109069
2683026
2962557
3250807
3106484
2785496
2550492
2946597
2700126
3048527
3278818
3115742
3202601
3118973
3008591
3162651
3320898
3208766
2715912
2896745
3250405
3248513
3223914
3112927
3142159
3356132
2992939
3291767
3222069
3349579
3296313
3215018
2575062
2535371
2495673
3446033
3505711
3639062
Errors: 0
3172232
3284054
3261115
3168868
3210993
3097845
3103981
3041199
2534751
3400339
3344810
3417009
3169715
3157791
3713334
3509099
3394306
3582061
3784156
3209947
2866261
3361008
3903183
3469643
3330210
3663566
3448125
3676964
3637269
4739306
3891582
4329584
3589566
3553019
3671990
3550596
4309260
3416064
3196261
3552528
4143994
3286169
3285053
3106041
2836403
4051248
3963462
3727894
3684212
3685800
4005499
3629194
3605151
3293343
2501986
2612529
2424987
2566248
3410421
3239154
3135023
3137535
3129622
3305289
3387104
3400546
3401855
3389725
3292281
3095985
3286778
3619188
2873227
3071169
3114406
3490675
3332753
3436881
3393627
3348805
3309697
3276297
3338415
3402444
3232039
3616784
3312727
3213820
3214863
3073962
3544207
3396176
3133247
3252711
3193507
3319866
3040143
3145348
3068651
3393769
3493527
3007269
3187352
3411449
3201244
3233559
3246895
3303102
3290142
3120462
2729491
2957056
3209368
2894289
2911735
3380222
3169116
3188174
3074776
3135837
2984609
3501655
3130524
3057026
2924848
3288984
3236708
3069257
2870194
3887272
2930242
2749610
2778255
3000290
3189119
3389688
3104638
3098830
3270750
3362441
3298648
3430342
3169063
3061782
3102736
3116231
3266293
3351213
3177933
3132385
3236956
3103257
3258092
3414910
3207725
3266076
3048716
3022458
3270382
3131484
3199806
2322157
2790745
3142389
2858364
3050458
3188275
3126974
3148236
3423261
3135895
3619771
3210076
2992705
3354810
3323263
3357064
3375478
3518763
3230723
3309595
3354608
3335023
3140235
3395562
3222146
3089183
3098235
3276274
3305186
3255022
3265619
2600859
5386837
2833901
3542057
3904285
3685053
3543718
3940793
Errors: 0
3288950
3834806
3827217
4152093
3352305
3602097
3560522
3676047
3573965
3629834
3437078
4084223
4341607
3697051
3499498
3382020
3443141
5212613
3638631
3534663
3744392
4014418
3567570
3133503
3391317
3399949
4064477
3417547
3861032
3456972
3219194
3568178
4916277
3790282
3847728
4363230
3683935
3454329
3371997
3478954
3334823
3580498
3759635
3593501
3560849
3423000
3268097
3525505
3560279
3513804
3399625
3988078
3325135
3990841
3106714
3217707
3272161
3243320
3167715
3129866
3013837
3022844
3192868
3284109
3155217
3373230
3035981
3199055
3216974
3111026
3151650
3269517
3592991
3081004
3150025
3225019
2957591
3046515
3155071
3157029
2621316
3337695
3186215
3038704
4389982
3098270
3474622
3324971
3361507
3445412
3153141
3209249
3269969
3622154
3451298
3577529
3591792
3541405
3796403
3490939
5943184
2871930
3687085
4240353
3455632
4186672
3664410
3782578
3531096
3772076
3402132
2960291
3506011
3751630
3522859
3246476
3262601
3537664
3514039
4988764
3373493
3570429
3138916
3135129
3658716
5616173
3591511
3454504
3740185
3548507
3561911
3385283
3418487
3752204
4549032
3292744
4823999
3606534
3482459
3781114
3640476
3411500
3369551
3584575
3715877
3951257
4264659
3647116
3059934
3816837
3584454
3071372
3461771
2901632
2674809
3218745
3776251
3856658
3874548
4219602
3660257
3462082
3375325
3837184
3403477
3547864
4068118
3830708
3412528
3486035
3673803
3420437
3566372
3455897
3567382
3622271
3546040
3758236
4522535
3636803
3304547
3275265
3656909
4716507
3551405
2884545
4561270
3806981
3828595
3617208
3439917
3586118
3616090
3831548
3487341
4254311
3733376
3623409
3585975
3541865
Errors: 0
3484457
3865377
3333088
3878240
4436718
3174757
3560686
3384943
3537733
3754880
3618251
3364561
3495552
3634528
3689868
3406639
4903395
3779943
3523039
3421153
3625175
3307943
3613986
3381225
3604810
3708222
3354547
4259686
3570168
3470931
3389299
3418519
3669903
3809171
3700509
3546583
3480145
3688483
3548543
3627883
3687302
3975848
2791733
4271788
3572251
3635288
3750666
5611593
3676764
3360826
3550943
3476242
4072500
4885945
3502867
3616303
3778889
3775172
4704720
3417596
3602272
3330722
3442687
3616561
3292673
3746412
4099650
3483342
3437913
3577550
3560557
3438652
3691570
3359086
3518210
4202571
3941638
4427151
3530454
5806015
3714094
2986719
3692544
3787997
3525124
3494696
3409682
3643334
4228927
3441662
3458484
3586671
3266402
3769050
3644794
3331137
3614128
3760088
3978929
3874277
4102910
3881248
4205977
3649425
3995791
3428263
3505096
3845941
3566435
3035031
3496152
3381133
3527784
3710183
4285248
3367300
3516439
3653278
4116729
3683492
3821462
3679050
3527566
3201507
3521061
3378380
3349478
3551581
3247690
3769820
2976025
3350918
3531204
3362692
3454371
3501011
3476812
3537494
4236971
4038329
3579351
3674880
3706148
3365544
3296639
3808054
3314613
3328634
3333673
3686174
3606922
3822413
3107626
2788307
3355508
3270528
3467153
3515478
3190201
3000661
3825360
3788710
3721312
3604211
2924241
3548296
3711456
2692197
3593721
3876061
3632747
4007322
3592573
3416073
3440731
3349579
3574980
3600162
3340679
3764737
4102917
3385962
3559257
3969138
3260919
3298903
3580554
5461381
3062088
3905069
3759929
3299984
4020246
3608891
3549026
3758482
3134401
3288854
3614672
3522985
Errors: 0
3267701
3850233
4757000
3065065
3288724
3652639
2907778
3123469
3578507
3632824
3292296
3047276
3590330
3680019
3430655
3811128
3524737
3567592
3692037
4212026
3646531
3530798
3479268
3700874
3184491
3600327
3407202
3755844
3524392
3252486
3205913
3233712
3599211
3785663
4082461
3793741
3493794
3629383
3994142
3120940
3672674
3481388
4494994
3500629
3426266
3700720
3570636
3388284
3291202
3300320
3629553
3356185
3532784
4284797
3383964
3468632
3635972
3543475
3481580
3626080
3690297
3621040
3809021
3411252
3519839
3684491
3375765
3351517
3576569
3428164
3682578
3364903
3862715
3329914
3645789
3806081
3970654
3426813
3601444
5557931
3719676
3885565
3269795
3399711
3460738
3185592
3657804
3649528
3320011
3468733
3363105
3541650
3080817
3731957
3839533
3722715
3872013
3807568
3507384
2782453
4235880
3484207
3082251
3649517
3755426
3922069
3373907
3760648
3594001
3331196
3255672
3128824
3423921
3944424
3673002
3647853
3474136
3537467
3313381
3345790
3761551
3740732
3278568
3369379
3352441
3496909
3201862
2939024
4812358
3046686
3468994
2854737
3467560
3299228
3787967
3661107
3423165
3460161
3523338
3832895
3625854
3605021
3589883
4726160
3475593
4472218
3634984
3564830
3448396
3518304
3468088
4569652
3483984
3198484
3243000
3317647
3258565
3514584
3514700
3379971
3405106
3719698
3534465
3482168
3617970
3522048
3455972
3731837
2876640
2919438
2771479
2876238
2662323
3216086
3423469
3450532
4006723
3525241
4354896
3468323
3879825
4030629
3237598
3368366
3452040
3238920
3518316
3342224
3892054
3629103
3784314
3294137
3418661
3353969
3306320
3198734
3449704
3520368
3390961
2935574
Errors: 0
3616820
3842352
3594189
3266551
3175146
3922676
3359733
3573576
3551050
3226092
3304975
3321307
3313958
3351706
3490710
3426112
3101930
3708261
3341715
3910284
3509254
3545837
3328297
3511009
4030014
3654070
3402103
3527914
3413716
3340215
3371529
4462602
3690116
3475783
3495146
3327353
3423677
3775244
3102398
3319363
3446081
3757205
3817053
3403301
3387480
3182629
3533365
3747804
3371979
3385509
3435920
3363451
4292295
3310225
3391540
3455022
3818898
2693464
3377102
3749471
3331086
3014937
2746791
3601698
2975426
3142561
3269637
3438246
3543006
3391605
3230412
3251331
3252045
3312782
3234180
3344195
3330547
3223446
3607393
3595314
3470636
3735526
3927539
3511442
3305582
3208628
3431687
3511473
3355469
3745747
3870163
3389413
3405683
3395020
3477655
3462119
3375937
3751009
3523020
3726996
3369665
3760566
4756264
3717011
3403537
3389942
3484427
2685226
3596724
2900045
3670706
3312219
2965504
3152309
2934885
3170866
2992005
3172309
3063104
2640997
3791371
2902058
3321788
3790493
3198538
3194776
3286493
3245465
3489313
3260114
3364060
3035097
3083416
3210968
3177343
3121947
3200781
2505178
2402455
2705684
2469211
2454252
2537046
2511291
2586793
2566036
2732415
2556249
2598932
2572539
2590934
2346165
2665533
2316589
2582632
2323059
2551629
2737289
2422567
2590765
2658785
2563587
2731489
2767211
2666482
2431909
2492652
2483787
2475734
2550584
2534752
2484198
2921488
3182558
2906583
2846258
2765675
2891590
2739652
3341306
2974116
2849355
4207018
2964103
2890185
2956168
3157975
2912097
2677990
2813623
2656055
2544735
3148325
2435960
2753427
3043338
2541277
2733112
2727920
2539865
Errors: 0
3092904
2724962
3943475
2638875
2771575
3272865
3617917
2751888
2728261
3407840
2761396
6543033
3127001
2668340
2526679
3042250
2586922
2807537
2514225
2579725
3049391
2856626
2690681
3103260
2667107
2870383
2715566
2701172
2917590
3137639
2511371
2827081
2617750
2765528
2946315
2752373
2684883
2956198
2871867
2883163
3246620
2676891
2468155
3165173
2545511
2830642
2943100
2797829
2934643
2965805
2881919
2660078
2569991
2446060
2596447
2439438
2443918
2547586
2423326
2428807
2469172
2599062
2466566
2377778
3126063
3085627
3193570
3539400
3200079
3258096
3189440
3047713
2479784
3085544
2609125
2547910
2367423
2517311
3215170
2421194
2448853
2375269
2588571
2277570
2372034
3147245
3235350
2954114
2983664
2980014
3088750
3134844
3290053
2857344
3006980
2896371
3195323
3188096
2955942
2554348
2289050
2311260
2901764
2806416
3181357
2957486
2581284
3077107
4716820
3297215
2411255
3316635
3202987
2633203
3105685
3047497
3152472
3090741
2360252
3169694
2389189
3569341
3241050
3205357
3339471
3091990
3082775
3510544
3022881
3531078
3270215
3497193
4074903
3417469
3314640
3676231
2499190
2679482
2806457
3462021
3262556
3559653
2833756
2874224
2760478
4696944
3511345
2911548
3097244
3487331
3709959
3681003
3441219
3448289
2636442
3202752
3316120
3313956
2707381
3368249
3527325
3311499
3437002
3356387
3369245
3339637
3384726
3310655
3825497
3331780
3499209
3240409
3887210
3672624
2749298
2763701
3417047
3375293
3499645
3462264
3554785
3536043
2690422
3507676
3740358
3682833
4700419
3447775
2774816
3709405
2991218
3315324
2581004
2660031
2904513
3093290
2567051
3122023
2875750
3072663
Errors: 0
2929839
2784024
3201773
3594651
3527852
3443552
2816379
3646178
3756378
2657751
2825774
3040668
3377830
2602132
2635882
2878637
2581287
2474862
2630818
2528847
2499581
2623922
2548492
3233471
2876446
2603530
3757958
2893530
3369262
2690728
2812200
2887801
3066598
2747010
2674201
2745310
2717201
2775508
5356224
2986037
2852135
2769483
2637096
3136618
3255320
3005491
2879852
3611184
3742409
2753131
2648065
3187218
2722783
2610625
3251849
3219672
3254841
2771903
3352852
3451472
3500027
4193910
3280394
3470681
3571498
2660117
3361557
3722371
3604895
3331714
3748565
3623476
3494053
3331600
5439399
3438568
3302071
2684538
3088966
3137392
3411530
3439038
3374967
3539298
3590758
2760412
2830208
2781387
3921594
3885424
3182144
3564991
3529896
3117348
3220298
3564278
3647687
3183093
4030442
3555238
3438566
4094598
3608037
2911803
3137811
2715773
2916603
3488213
2949905
3071981
3192069
3161199
3189666
3131121
3484343
3817389
3341865
3335532
3640739
3548571
3536141
3380372
3458447
3352273
3484573
3640690
2928027
3496835
2863649
3007808
3393583
2967418
2908709
3164034
3580258
3463318
3801012
3955447
3613988
3485106
3366467
4161810
3426577
3687278
3375467
3499400
3365332
2935858
3560026
2929880
3091788
3115889
3729321
3646904
3455079
3459681
3435330
3542500
3622216
2668761
2872625
3308818
2840073
2810331
2856516
2716929
4013729
3033724
2766361
2620029
2735799
2573906
3089481
2585043
2615425
2912405
2669066
2721967
3027132
2866385
3721464
3060564
2799644
2688524
2773410
2965339
2818522
2877102
2988295
2633836
2637472
3607324
2770156
3343682
3218580
2992659
3044857
2643951
2604134
2710249
Errors: 0
2807485
2692479
2546711
2708980
2841722
3425251
2880179
3380331
2553396
2603276
2827686
2531349
2552590
3369539
3561393
3570484
3314459
3121591
3235122
3263530
3429099
3136867
3224826
3468395
2588366
3155215
3365497
4192250
4013295
3455773
3827749
3686538
4121700
3506337
3450353
3461948
3307816
3332197
3627296
3495909
3180547
3483214
3227292
3447151
3368143
3417976
4034281
3543438
3646967
3471316
3536272
3658258
4769206
3433761
3567105
3487003
3665261
3715300
3493069
3484105
3722391
3399764
3287908
3536595
3371579
3091035
3316267
3318686
4012782
4130795
3320353
3941324
3397054
3633167
3703675
3319799
3539177
3336675
3258039
3395549
3543792
3296687
3328909
3815002
3431961
2842507
3668841
3461617
3814164
3411335
3330174
3301097
3342184
3477834
3265460
3475610
3524572
3336670
2803761
3433700
3673869
3418795
4488583
3612211
3386952
3592838
3334454
3629883
3735451
3810988
3363689
3305025
3413129
3073664
3780119
3413909
3144453
3375366
3564649
3280376
3428415
3716349
4719142
3663808
3500544
3727536
3529632
3664867
2929988
3356654
3334065
3120330
3259210
3363216
3607097
3057248
3420597
4115240
3325964
3210788
3223683
3683039
3282685
3404308
3521108
3504186
3718256
4625629
7394662
3468794
3894357
2927666
3105794
3464818
2771162
4434203
3839999
3087753
3521670
3527075
3983013
2778130
2909376
2845513
2838834
3174444
3781974
3483003
3567563
3445363
3451841
3533421
3626739
4186970
2875004
3465622
3555553
3280234
3401701
3081897
4462665
4054305
3354078
4434218
3497507
3504454
3539505
3212246
3345344
2619584
2731895
3568777
2696389
3867324
3682267
3043442
3664771
4086507
3812633
5967672
Errors: 0
4141787
3339601
3417035
3405314
3356355
3531144
3307062
3348207
3166500
3420755
3429175
3130633
3281234
3407938
3303214
3660653
3526363
3364597
3366383
3516689
3209248
3553171
3436444
3572570
3462485
3342729
3389765
3318053
3459346
3635440
3339165
3644105
3694679
3790065
3669768
3496185
3503049
3554666
3312077
3655507
3329914
3551143
3180360
3401525
4024370
3334940
3250008
3421303
3495946
3348124
3359529
3379828
3463333
3327744
3844234
3299660
3552208
3582272
3490527
2794067
2680020
2830657
2905008
2541630
2598057
2699354
2802075
3019838
3753293
2932178
2708684
2656055
2873386
2719329
2704367
2779897
2733283
3130034
2757588
2969106
2827722
2557987
2744268
2577603
2502770
2554286
2988045
2779098
3515456
2814666
2571621
2756877
3450515
2660850
3127374
2796030
2887857
2951910
3458997
3163967
2702210
2915372
2587388
2683045
2597292
3881075
2630724
2967648
2753540
2583628
2970534
2851953
2622867
2810388
2432406
2657237
2598634
3398894
2547156
2609214
2688314
2685148
2706443
3412708
2962340
2769787
2597887
2735416
2665446
2865812
2748639
3223121
2655282
2601578
2471515
2697006
2562033
2750213
2863211
2979930
2863083
2972421
2924978
2638274
2686735
3477556
2898596
2990070
2767389
2848535
2505732
3078700
2372475
2484673
3371035
3061408
2804312
3010675
3024320
3257953
3161093
2987831
2976537
3014171
2762017
2885460
2987691
3092092
2863446
2993374
3015233
3146894
2792762
2967044
3125717
2903120
2926468
3045624
3111312
3232413
3009152
3004817
3249931
2942527
2892360
2698736
2533408
2878949
2152922
3061075
2971615
2898008
3106562
2771586
2349869
3212443
2513681
3097062
2923786
3044564
Errors: 0
2845496
2979295
2651101
2750922
3022809
2682987
2888138
2987287
3016832
2294281
3005529
2827119
3090914
2840832
2517002
3101706
2828720
2987685
2930700
2910392
3150851
2916923
2721708
2956793
3091421
3003309
2312468
3192886
2997594
3244316
3036634
3033338
3109561
2467034
3037924
2879166
3048834
3239051
3094511
3134700
3099807
3158035
3179379
3224538
3342369
2904883
2990950
3170344
3116924
3173291
2893120
3245632
2901875
2888246
3315610
2962525
3082344
3053840
3103849
2411144
3046611
3320578
3050464
3249984
3191029
3103875
3024397
3334516
3031106
3092561
3022240
3206224
3011216
3130859
3084760
2936320
2989938
3038778
3066107
2652746
2371510
2366654
3203428
3123107
3153023
3041366
3143423
3192815
2875590
2867198
3036163
3037859
2969938
3077625
3035997
2950457
2735168
3156104
5222372
2772942
2787946
3354791
3190080
3183632
3210390
3099984
3108324
2879665
2055880
2334767
2298281
2323478
2221748
2214926
2399605
2209606
2256208
2228762
2337147
2609948
2769498
3168890
3109931
3024479
2481668
3091103
3106581
2890047
2959369
3314136
3173990
3231400
3106657
3048456
2775084
3166831
3330879
3182959
3282600
2958787
3309673
3290847
2410527
2581764
2710723
3158555
2921984
2280402
3061926
3034232
3714798
2930338
3197861
3228741
3466573
3280058
3165305
3257202
3239385
3079621
2683194
3092189
2958293
3207613
2787183
2917368
2772418
2936253
3165955
2586197
3153334
2899122
3202394
3140380
3213584
3345805
3202452
3422798
3251955
3420349
3280678
2985707
3219137
3074352
3286966
3015758
3889003
3048483
3026384
2557120
2965519
3138214
3227304
4069931
2763427
2401877
2582891
2597570
3112219
3151463
Errors: 0
2914822
2539543
2880118
2839935
2978549
2999165
2994934
3816547
3070934
3099133
3266269
3118061
3005429
2611398
2887296
2803358
3151693
2906940
3275713
2697114
2462625
2660839
2843159
3312937
3308724
3119075
3345560
3093959
3131644
3373299
3029887
2417139
2531128
2669683
2584524
2790804
3105094
3332593
3061800
3308995
2907804
3136454
3142895
3220069
2623308
3278365
3535104
3263089
3137953
3516156
3228091
3005299
4251563
3165232
2370101
3250355
3163965
3224448
3172646
3107385
3182335
3237898
3260474
3253780
2604393
3220458
3209990
3275221
3171918
3289006
3203810
3169243
3035761
3081213
2866278
3246818
3122174
3757410
3091219
3234934
3409746
3374532
3221020
3188099
3188158
3252270
3162278
3248978
3217341
3053644
3217189
3207985
3148454
3013639
3031273
3415145
3216775
3154412
3218015
3091143
3072186
3201318
3817693
3083659
3098089
3226571
3187365
3344478
3009115
2912756
3016900
3019248
3071867
2954490
3004377
3300352
3229017
3252424
3782048
3684097
3270273
3489294
3435717
3247826
3154067
3221582
3135858
3123609
3198459
3050522
3104763
3197408
3111843
3145461
3158302
3335715
3099467
3184159
3101937
3194197
3253681
3164810
3070505
3439763
3246343
3039065
3014400
3130524
3206382
2994050
3053764
3386759
3204635
3059801
3409412
3239470
3453153
3347514
3239605
3249278
3235322
3354972
3001747
3091348
3074362
3269813
2611816
3127722
3471012
2848324
3135907
3163911
3233875
3157347
3053283
3471339
3096450
3302299
3041077
3181506
3137309
3115233
3135359
3089183
3022429
3209664
3048049
3183890
2948401
3236784
3174703
3189569
3172072
3094765
3176481
3344461
3039275
3215958
3084541
3163375
Errors: 0
3086575
3084067
3241505
3166896
3148419
3476144
2998678
3353128
3213058
3175071
3063509
3150998
2917548
2810198
3067808
3202787
2807597
3089769
3022917
3231100
3182982
3106459
3367567
2987274
3117239
3429140
3133156
3246429
3000037
3133790
3173556
3086001
3140188
3212436
3232698
3198344
3101719
3173539
3088366
2984547
3023191
3434482
3147456
3129254
3249234
3372258
3164724
3508948
3243823
3244290
3083712
3139692
2929952
3107472
3141243
3375431
3261826
3244448
2955982
2981186
3050748
3092844
3249678
3111048
3157696
3360411
3159577
3295591
3140260
3327701
3232338
3196827
3207728
3164515
3178064
3222906
3090021
3162673
3180010
3164138
3161262
3210901
3121601
3454687
3209475
3246188
3007976
3192679
3145489
3225430
3166414
3223864
3199707
3108453
3220989
3221376
3118448
3299257
3268890
3263330
3193846
3060087
3077760
3255181
3127426
3099161
3016781
3103438
3380842
3171307
3060770
3089092
2980450
3001828
3120138
3400788
3167364
3193130
2894068
3175143
2952485
3078881
3149567
2943847
2885917
3043561
3085079
3407143
2792293
2753994
2890225
3138033
2846666
3034747
3025515
3187887
3488506
3387897
3180226
3123899
3102210
3065306
3003515
2840222
2943292
3075341
3129043
3232734
2943103
3015943
2916623
3226856
3237366
3124961
3147927
3347080
3110454
3358863
3070356
3217233
2964711
3118123
3031767
3037893
2918093
2228620
2945757
3195601
3077488
3109536
3237463
3271373
3159861
3165549
3126085
3135599
2915579
3240129
3156488
3079405
2975464
3127621
2964259
2815339
2834267
3253838
2967665
3542970
3155659
3155128
3059012
3153866
3127794
3001397
3109882
3102528
2831474
3104891
3077150
3129871
Errors: 0
3068358
3136185
3153917
3183490
3111553
3226576
3317718
3186029
3183935
3257746
3171681
3278305
3232972
3126890
2991126
2898956
3087147
3039478
2959324
2892861
3013305
3054570
2950522
2938452
3032682
3048056
3257902
3008486
3085588
3115601
3055536
3161600
3158700
3297084
3162080
2904540
3054333
3081872
2942145
3025676
3122828
3141409
4041676
3210719
3059879
3144269
3282463
3197022
3163258
3093553
2708359
3020740
2882452
3057907
3112260
2903562
3205031
3120447
2995422
3120435
3195033
3139960
3038434
3089976
3103757
2973767
3282981
3275066
3146682
3047161
3034437
3007545
3123680
2916144
3033079
3823027
3114982
3114102
3199984
3172242
3210325
3069350
3145098
3241609
3195256
3120788
3129820
2932441
2976430
3037974
2915326
2896675
2860062
2970456
3090906
3214460
3370549
3242415
3056607
2992129
3133728
3062167
2887976
3064396
2984588
3062097
3199026
2969489
2893368
2995331
2990914
2873266
2847272
2793401
2917784
3072840
2984240
3371964
3253276
3116937
3128736
3395212
2915152
2943498
2994411
3068387
3039422
2991172
3052321
2965970
2774569
2932949
3067148
2964009
3071975
3113999
3362072
3224256
3287925
3237536
3171682
2889298
2948511
3156008
3060855
3064710
3089993
2985615
2808723
2980799
3028953
3008031
3030850
3239860
3150037
3019955
3305490
3062373
3055687
2981423
3030463
2960893
3002558
2861657
2887404
2833354
3108681
2990233
3087485
3083388
3089178
3134617
3116307
3055166
3090518
3192533
3235802
2995015
2917230
3065003
2913664
2778311
2940257
2787963
2671719
2796106
3116561
2972650
2973849
3068601
3122656
3298871
3131718
3020264
3077203
3105357
2802474
2950010
3063148
2911639
Errors: 0
2996619
3156071
3082253
3189159
3012949
3087453
3138434
3057659
3181236
2959869
3534434
3026630
3045626
2888232
2752848
3009199
3073178
2944188
2973143
3106118
2974896
2971019
3182875
3168426
3109285
3122303
3096511
3150762
3049139
3076481
3037424
2777687
2930471
2962003
2944590
2938816
2974994
85991946
2624006
3466095
3108834
3019922
2951042
3102755
2945442
3155125
3091035
3117174
2862913
3091924
2919054
2701474
3202436
2957557
3037477
2855363
2695423
2847171
3101295
3036361
3064732
3128015
3233205
2968670
2398269
2876517
2949377
3144503
2823268
3021986
2684207
2862526
2939958
2890549
2849183
3056879
3077049
3225962
3109361
2979907
3070519
2839898
2933358
3018686
2992264
2949317
3066151
3081575
2942589
2887547
2909114
2796785
2863133
2988266
2995713
3076131
3063593
3083796
3076802
3192048
3049284
3220158
3226062
3014996
2852177
3177601
3006275
3364644
3046435
3102856
2995451
2827035
3015222
3022544
3049003
3056647
3227196
3047482
3206845
3182525
3111900
2984717
3095937
3086085
3007976
3123225
3173373
3176307
2950866
2977122
3016834
3041272
3148637
2935694
2928100
3102542
3166722
3058851
3079548
3193662
2978543
2873940
3087879
2933295
2932043
2965023
2976462
3112804
3115038
3166172
2944119
3242136
6292404
3123181
3088197
3104636
2897872
2935578
3094671
2977828
3145851
3127073
2986543
3180934
2933881
3042763
3028047
3184876
2994793
2939627
3087025
3115728
3150838
3181283
3152322
3079548
3320835
3172423
2866447
3062285
3032847
3061392
2956638
3009881
2963517
3155906
3009682
3193634
3091976
3052375
3089960
3150971
3208391
3023441
3039719
3047185
3239443
3037114
2869074
3110208
Errors: 0
3116360
2893571
3150024
3090962
3074019
3203063
3121532
3189872
3188419
3220565
3301064
2853021
3019608
3247481
2922592
2919330
3132853
3046935
2921032
3256010
3068905
2946803
2985372
3140845
3051506
3074458
3086069
3128036
3038718
3062693
2898762
3011416
2953044
2935842
2989191
3085216
3277438
3021994
2935375
3050103
3091910
3063134
3028570
3139037
3086595
3068453
3656922
3199074
2956117
3078760
3104362
2966251
2912961
2937503
3166404
3004202
3038053
3244047
3149055
3121861
3081525
3103533
3065894
3030671
2987087
2904532
3174391
3019674
3011172
3290264
2956611
2900695
2899866
3044410
2959541
3172168
3148785
3168544
3321161
3238052
3114317
3131475
3050292
3341364
3424114
2971992
3082423
2967764
2956571
3017096
2898321
2831486
2704846
3235538
3165201
3133924
3256367
3355194
3055162
3119862
3074598
2957933
3148703
3008852
3090371
2892495
3167280
2950071
2773711
2931974
2867091
3178367
3109436
3117933
3627374
3011821
3024834
3142345
3151691
3155706
2950163
2839301
3073050
2858951
3021633
2940736
3138865
3221048
2967811
3059588
3063539
3128378
2953379
3082691
3169196
2966257
3300027
2997894
2951820
3048313
3141335
3082132
4281298
3061616
2994068
3002204
3031438
2991645
3130201
3038253
3144010
3028136
3017716
3078688
3018679
2929278
2919765
3079771
3019054
2982088
2898545
3035992
2867972
2938560
2889813
2959465
3030426
2440349
3227090
2984779
3902953
3483185
2871751
2863428
2951063
2790890
2807129
2994094
2981381
2985818
3029481
2787616
3103731
3294243
3161108
2941426
3242205
2944043
3493890
3074442
2958972
3086315
2942751
2942476
2894936
2497313
3142431
2943622
3115790
3056792
Errors: 0
2992990
2969758
3119696
3159906
3159912
2992355
3153179
3122583
3136498
2945332
2900887
2850592
2934487
2916892
2812433
3010750
2840067
2975410
3058952
3013687
2974004
4002112
2986576
3000152
3219779
3285507
3160507
2889181
3223101
2981735
2918875
2983926
3014626
2905043
2969112
3178339
3091341
3101111
4123684
3137045
3095851
3249494
3308278
2826421
3024421
3088049
3058615
3101993
3214296
2932707
2843826
2875860
3274167
2886244
2928212
3283052
3405513
3366184
3373633
3089107
2896988
4294402
3116245
2990934
3146329
3017715
2940268
2939470
2943073
2927555
2929606
2962722
2986140
2985781
3049656
3017591
3224450
3051386
3168157
3143384
2915221
2969205
2813880
2912587
3287265
3041042
2895179
2544686
3085536
3124903
2941083
2919926
3130166
3004307
3131342
2940061
3134041
3178727
3172770
2880043
2944711
2952818
2982862
2798988
2959654
3007857
2928151
2924931
3106266
3132468
2948769
2933506
2936233
3101848
3155785
3271903
3142522
3062032
3146025
3080298
2914708
3043325
2942022
2853340
2989181
2964320
3203315
3152183
3136347
3037602
3064505
3196987
3100054
3162902
3091626
3288988
2956294
3114183
3157830
3007936
2839375
2977827
3042684
3129053
2994393
3023745
3191988
3236308
3039117
3148095
3193406
3068801
3066588
2991401
3063041
3002096
2867307
3087957
3218767
2902750
2997076
3100970
3141424
3300592
3031869
3233439
3154001
3175514
3976641
3591246
3537510
3479527
3470423
3313130
2815816
3647491
3358426
3517080
3737442
3427595
3490500
3428231
3586639
3938870
3352236
3937953
3621856
3558570
3540722
3656634
3438436
3444307
3429991
3205748
4107249
3473957
3249124
3174324
3421355
3279533
Errors: 0
3341352
3502891
3620190
3198232
3332509
3461083
3698493
3435734
3779167
3509489
3634445
3269451
3471086
3202008
3420914
3301131
3348657
3383913
3406469
3360980
3590800
3495637
3456575
4045980
3309330
3539930
3401711
3484154
3520897
3628292
3250616
3599931
3313617
3329470
3285618
3479532
3222518
5544914
3481522
3480336
3331024
3325101
3563010
3448583
3319699
3448210
4292794
3325862
3674940
3225957
3359721
3315213
3917053
3296617
3457864
3555052
3359275
3392454
3392008
3112508
3399578
3135688
3344670
3135880
3575757
3313448
3450848
3885080
3564966
3370763
3332024
3193207
3234497
3630496
3230796
3579124
3344462
3331358
3602177
3570185
3417341
3401087
3542867
3553464
3552676
3334480
3492410
3346892
2752046
3393260
3534754
3244894
3393844
3292535
3450634
4540750
3487557
3454287
3547623
3576534
3925260
3499466
4134117
3525130
3443066
3976774
4003693
3569215
3346913
3998803
3439606
3931104
3343536
3434798
3268122
3373132
3350081
3355938
3269554
3434765
3425333
3691744
4003926
3418212
3498424
3378992
3345099
3666590
3593299
3457284
3529755
3368877
3403885
3367522
3729320
3581436
3448058
3529392
3405542
3399961
3570386
3334652
3510727
3442843
3579463
3419626
3437361
3295520
4193913
4159984
3216247
3380015
3569613
3688715
3689056
3609620
3583321
3522945
3953587
3739208
3441028
3416264
3847095
3293541
3374490
3379670
3300227
3245123
3059883
3189603
3189702
2978672
2942949
2975456
2797578
3130620
2935518
2945390
2928031
3130491
3160253
3137056
3187262
3128678
3208324
3156733
3133543
3031760
2904077
3026803
3011196
2747242
2687366
2888965
2774063
3284295
3220495
2986462
3052515
3144385
Errors: 0
2900042
2946091
2927458
2955787
2959132
3271203
2990056
3038748
2939990
3083022
2773115
2917725
3052092
2933247
3056959
3244803
3118452
3077956
3136947
3217055
3107025
2917349
3132853
3039036
2877951
2934750
2967260
2923410
3103404
3213637
3065290
2739653
2839017
2994002
3119515
3207149
3107764
3036497
3187408
3102679
3150806
2875232
3018324
2928360
2852803
3118101
3260610
3136004
2907822
3131027
3074424
3135171
3351755
3149315
3029298
3395175
3092876
3212424
6371205
3265668
3022608
2982339
2976079
2988072
2926105
2885521
3018189
3067131
3560270
3279347
3642935
2943410
2701040
3383014
3132108
3103131
3124518
3630139
3133167
3187913
2909891
3032498
2797207
2965458
2910860
2769355
2950142
3051660
3136182
3254187
3255834
3084191
3228075
3152207
3026513
3274580
3480136
2785997
3159615
3124592
3153494
3024217
2849034
2761798
2939505
3045112
3100609
3127720
3182380
3221763
3210351
3762644
3147346
3089178
2760795
3121535
3028413
2664933
3120177
4882209
3022500
2994801
2932911
2862989
3110318
3241333
2932348
3165008
3005717
3191634
2993841
2837660
2925490
2792858
2710203
3119151
3029370
2908783
2947035
3179062
3107784
4033741
3237384
3095003
2877767
3209091
3136824
3121796
3038032
3001600
3059708
2955836
3020753
3137945
2821605
2886295
2955125
2879595
2981368
3105163
3152404
3128558
3083949
3017301
3069426
3069570
3033032
3045165
3093260
3881231
3002890
2882969
2908884
2805278
2965820
2941832
3043948
2959195
2965560
3034587
3143615
3118199
3618257
3024648
3136928
3304750
3143979
3050981
3036522
3142730
3058664
3043610
3010123
3069540
2937936
3064124
3073952
3070994
3214771
2394876
Errors: 0
2937593
3220335
3049433
3105225
3208145
3130977
2831263
3079193
3052997
3144927
2952449
2871870
2938972
2922932
3099753
3149222
3304440
3082847
3117669
2702562
3129296
3469522
3054679
2950647
3084026
3122977
2843458
3167110
3029476
3112516
2961889
2952680
3122710
3017973
3165806
3189024
4137667
3307699
3190976
3106761
3191123
3053902
3077056
2847786
3082125
3071251
2941900
2822246
2999876
2871774
3152107
3175061
3241562
3164905
3145869
4298613
3137032
3095452
3232765
3077413
3307824
3188772
3071125
2919592
2273512
3319567
2786591
2955710
3143068
3266437
3219293
3242930
3085690
3182741
3130515
3154849
3054987
3098146
3169500
2951726
3246855
3153525
3016825
3102032
3084465
3145705
2907764
3251392
3105533
3150126
3457307
3058806
3099917
7960434
3070808
2964173
2992973
3282556
2897187
2905434
3250545
2950599
3043536
2926807
3142211
3044315
3139792
3027772
3239182
3541572
3307536
3237861
3189875
2801914
3098117
2857790
2979269
3048029
3051197
3037882
3064192
3149128
3061133
3069043
3128225
3082830
3306513
3073031
3067653
3101010
3229535
3031745
2968907
3002047
3096112
2915435
3051842
3117927
3028769
3127433
3199611
3506552
3022756
3148366
3136837
3297373
3054188
2969201
3049320
3032823
3114753
3010956
2891356
2886950
3156204
2875754
2912529
2916999
3041664
3002241
3206324
3114186
3039848
3113764
3076022
3028335
3057146
2911562
3050978
3000424
3271669
3035974
3127665
2942797
3263102
2834858
2977304
3265004
3121977
3163424
3221296
3098058
3092972
3130827
2956501
3084115
3043150
3064669
2875851
2877038
3103954
2921874
3070737
2934134
3093570
2950435
3333891
3209202
3166119
3074754
Errors: 0
3170299
3058135
3092191
3093267
3187068
3159431
2928029
3033579
2883443
2905533
3012139
2880818
2790363
2820847
3366459
3002862
3041489
3052092
3142439
2926759
3178094
3054796
2926679
2896047
2948524
2804196
2889555
3049345
3010391
2854848
2897852
5548323
3072501
3149586
3676532
3172921
2993090
2914926
3075472
3012240
3169023
3091771
2996598
2790588
3020158
2842579
3094429
3051298
2830740
3055082
3250973
3132771
3206249
3112302
3081602
3205816
3278632
3105996
2897812
3119992
3381806
2953584
2674299
2926120
3105968
2898318
2882957
2908511
2752481
2991416
3288893
3120315
2810501
3197740
3226227
3214969
2895031
3005723
3057620
3133919
3032251
3137448
2722234
2981717
3020392
3017475
3085832
3134024
3119370
3146824
3201334
3273472
3134963
2947586
3131787
3143016
3110782
2995524
3013709
2903187
2995455
3077955
2917146
3078909
3098446
3051702
3150825
3167248
3012210
2967403
2684399
3016094
2957018
2992409
2945693
3052166
2980291
3040640
2879146
2890732
2921297
3201778
3143594
3168482
3257982
2969798
2995856
3122585
3010780
2937957
2963590
3175242
3759084
3028172
3075731
3045036
2987214
3143970
2994964
3075480
2954454
3267218
3028522
3048695
3190532
3173287
2966069
3057184
3039059
2926861
2988914
3152340
3008462
2926509
3090258
3004114
2943933
3163120
3225205
3171988
2913773
3047391
3141293
3110159
3211791
3164862
2910787
2952571
2903984
3192569
3038014
3039968
2910974
2933530
2976431
3110120
3012285
3183578
3181464
3045110
2916962
3159299
3176734
3112700
3044874
2929438
2840750
3146040
3107089
3032780
2920377
3056310
3049570
3133048
3108489
2932764
3179103
3155625
3090417
3075095
Errors: 0
3062715
3188356
3158039
3014744
2973846
3440725
2910795
3091872
3073719
3043324
2758359
3096620
3181755
2921063
3157280
3537164
3015434
2954301
3012127
3049605
2988638
3188617
3054643
2891694
3185853
3037380
2901824
3078699
3048030
2962143
3054437
3361940
2968587
3732493
3146969
3033191
2870598
2807710
2961394
3033289
2995666
3545383
3093555
2957296
3176648
3095919
2946973
3005391
3079160
3201109
3174823
3179389
3194434
3080924
3164703
3010779
3167919
3102393
2985585
3010071
3014595
2966845
3176103
3012025
2909912
2877251
3020541
3103601
3041846
3094689
2972425
3230190
3072197
3187389
3054636
3081527
2979792
3403244
2884508
3034671
2939472
2986468
2827660
3105148
3365195
3036519
3073330
3061794
3068544
2961452
3206262
3144425
3069854
2987204
2999492
2887259
2851931
2910158
2706656
2939247
2976275
3044723
2984603
3042554
3170702
3073659
3035260
3071249
2907561
3112536
3022175
3147909
2967696
2983184
3076904
3135800
2849573
2809473
2956492
3099966
3029359
3161373
3048601
3272040
3206945
3077896
3015576
3143437
3076986
3009729
3044753
3134895
2911535
2988584
3102191
3042971
3071454
4161595
3075553
3060182
3003924
3286571
3181769
3170835
3240388
3137436
2934842
3008646
3058292
2914884
2973958
3033110
2979325
2945023
2890002
3207874
2931175
3001451
3031315
3064793
2926107
3197647
2566873
2998582
3048501
2968849
2982480
2920580
2772196
2815624
2975783
3034226
2767459
2934973
3116028
3110076
3095622
2821219
2527296
3176178
3144755
3297612
2814172
3036134
3098856
2912360
2847077
2826037
3038093
3061165
3056300
3262462
3025656
3125635
3135058
3126976
2948646
3098937
2986667
3073126
Errors: 0
2994432
2994962
2883895
2960643
3030611
3004494
2930119
3091425
3158496
3041866
2977562
3098169
3078729
2988390
3234628
3047251
3318144
3194676
2836152
3052999
2953194
3029239
3004443
2781072
2989664
2948874
2706351
3070824
3073592
3229847
3008154
2476808
3264004
2392230
3138020
3239941
2823407
3016606
2928962
2939946
3062097
2751571
3059746
2958075
3098730
3082761
2954512
3037406
2956097
3034297
2919743
3062215
3178026
3000725
2706512
2772486
3049296
3120758
2966109
3007729
2683691
2962203
3057349
3171919
3176467
3262598
2915697
3184947
3082268
2962984
3093285
3134294
3019893
2985679
2995162
2816951
2912438
2908492
2943913
3100685
3002950
3098685
3211980
4262275
3112062
3621281
3110599
3323491
3058017
2962364
3120592
3085376
3201373
3352159
3124048
2818533
3465731
3116177
2957865
2978950
3165632
3125697
3097187
3582987
3193332
3060085
3107172
3143221
3062958
3085706
3149164
2795101
3043424
3038821
3004574
3025643
3052375
3065073
3110628
3080517
3022252
2931565
3532900
3308486
3413630
3221309
3200197
3112138
2922984
3057403
3140847
3202551
3194863
3217794
3172473
3206968
3087175
2980014
3129724
3035830
3287034
3172589
3279054
3252804
3181607
3215146
3095093
2983972
3027091
3123407
3046175
2843899
3131829
2994232
2947866
3271552
3302220
2934268
3029657
3149200
2954721
2947535
3076315
3095162
3085891
3231523
3172251
3139848
2961840
3005098
3056109
3094733
3238287
3219856
3002123
2993034
3192681
3058376
3191947
3061249
3092294
2918109
3047909
2997381
3122525
2944280
3132169
2925498
2966235
3128268
3173518
2964912
3159353
3369872
3275628
3057067
3145925
2995261
3138635
2952657
Errors: 0
3144862
2930109
3018550
3015387
3123739
3105392
2813045
2922182
2987481
3125141
2922711
3133865
3339745
3092138
3077081
2919476
3050010
2798809
3531893
3134848
2909925
2789215
2829432
3088973
3049560
2814085
2959049
2945364
2950079
2800828
3111141
4819276
3186726
3233191
3131099
3017516
3028277
2914344
2907252
3033132
3120016
2785092
3151998
2931661
3054633
2981143
3069441
3084924
3067557
3221646
2928408
3341062
3222831
2891221
3031271
2565907
3079837
2938487
3010003
2922276
3166747
2970053
3170523
3075890
3038198
3158841
3131774
3126327
3332106
3128912
3123390
3013214
3112780
3175344
3043524
2957224
2764879
2898431
2790595
2735354
3019767
3131576
3188465
3081810
3076837
2916183
2999137
2987993
2957112
2816971
2933632
2917245
2954342
3069743
3042882
2806858
2751771
2847768
2717690
3055711
3159932
2633993
3117173
3146956
3214173
3121948
3088353
2904737
2786181
2869855
2934920
3014846
3034934
3055706
2929187
2869037
2907416
2915032
3026436
3117284
3142953
3773927
3357152
3272803
3414002
3232116
3158118
3114151
2981106
3005555
2869722
2995469
3059362
3189909
3001198
3107965
3221846
3050873
3019293
3110567
3299721
3123086
3267789
3207724
2933276
3149716
3153746
2943235
2909067
2775674
3089467
3001955
3131035
3090853
3003218
3081437
3149369
3044974
2961882
3069738
3044890
3055652
3149200
3058289
2927726
3134693
3141249
3123880
2971932
2908592
3016842
3013920
2467727
3191879
3107323
2862670
3171381
3128455
3075341
3124510
3003491
3081162
2918334
3140184
2890568
2985044
3203232
3175221
2928000
2845817
3056017
3123199
3095171
3285890
2909739
2913581
3106323
3110355
2853957
2960946
Errors: 0
2867985
2975005
3272980
3109811
2800796
2930282
2921021
3011268
2705155
3023702
3003548
3057902
2963168
3188498
2999207
3110794
2786269
3079167
2803103
2871847
2972866
2872710
2865008
3064898
2933467
3091603
2992964
3050602
2962587
3064697
2968618
3167392
3155840
3344298
2836272
2916542
2871813
2879403
2853340
3221671
2818133
3314278
2636733
2985011
3123892
2955444
3729048
3181859
3066994
3117097
3016534
3216973
3031519
3231391
3066062
3171757
2985232
2932375
2905436
2893549
2901475
2973791
3212990
3285868
3001404
2968664
3097198
6175680
3070595
2943373
2973220
3013923
2919185
3333156
2965180
3072446
3111851
2874624
2745987
2931757
2978937
3098230
3120913
3319317
2875135
3187526
3183199
3030024
3005916
2923018
2895051
3008621
2836210
3045772
3081354
2942757
2836548
2857313
2998199
3039107
3125784
3026138
3151001
3211450
3069877
3160277
3050411
3090140
3273014
2923978
2984905
3103798
3063636
3039043
2889103
3056965
3023970
3242570
3101342
2988753
3147134
3218863
3329960
3152741
3006195
2983150
2879063
3038973
2901190
2947940
3010769
2904402
2967514
3192992
3530351
3350999
3129170
2973504
3075798
2995500
2963854
3051747
2814240
3083677
3054695
2991655
2927065
2993949
2845437
3033062
2828384
2829853
2810666
3076383
2988622
2877111
2940577
3035139
2963046
2853837
2821091
3141824
2944832
2996965
2991383
3066519
3386074
3058239
2919906
2822629
3077107
3042364
2922981
2971012
3033517
2974141
2841781
2953191
2856987
2791927
2945882
2791911
3029102
2896920
2832364
2890705
2936578
2914864
2990983
3238038
3029011
3094120
3107082
3187503
3089336
3081413
3007243
2824200
2844843
3137148
Errors: 0
3018917
3132720
2435050
3035844
3039356
2914831
3031180
3056323
3070858
3016538
3099088
3135500
2799572
2982022
2939645
2810071
2899916
3025484
3110433
2810392
2946815
3083988
2511193
2908292
2897940
2944337
3184630
3069923
3018259
3065752
3106974
3191515
2702354
3053597
3050382
3030286
3021876
3007335
3077630
2948428
2961318
3001634
3411849
2559337
3146667
3174316
3018690
3106664
3054432
3032333
3056194
3384551
3230274
2405621
2969296
2738829
3018598
3006414
3071473
2736747
3092252
3112430
3197869
3274985
3075499
3110050
3157848
2945240
2952736
2814635
2862206
3123486
3078116
3273686
3118583
3049417
3136539
2986486
3046259
2955220
3036214
3207267
3144323
3131064
3132119
2953441
3410257
2886812
2774242
2787584
2692079
3097042
3094871
3006123
3218369
3197764
3043890
2988330
3195542
2823844
3007369
2869436
3025074
3163778
3605104
2854099
3097485
3080192
2973122
2942645
3299367
3088095
3208788
2961312
3314146
3025415
3001308
3197057
2912517
2794292
3150819
2927015
3126846
3001831
3056389
3086711
3396857
3270252
3127862
3247199
3392531
3240376
3121403
3248141
3120043
3134682
3267023
3320873
3086817
3181972
3186492
3320325
3153705
3192582
3409676
3260266
3118497
3133493
3097802
3173063
3238141
3272992
3040038
3007524
3156543
3166493
3184332
3101184
3095761
3086242
3334690
3307961
3193871
3281639
3344365
3132516
3070928
3112224
2968467
3123341
3302620
3131390
3262634
3108026
3153072
3283442
3173212
3120750
3078369
3430961
3022141
3465868
3327663
3165769
3358842
3227334
3671871
3159318
3051358
3445204
3263546
3258059
3322286
3184996
3339575
4387628
3053076
3161103
3074248
3133677
Errors: 0
3043702
3146486
3200517
6457948
3556491
3380792
3135776
3128021
2644517
3206424
3118416
3096343
3158767
2782621
3041753
2741057
2951196
2874318
2762654
2810152
2840012
2962424
2932152
3086370
3168290
3037515
2959723
3005593
3037337
2943437
3158692
2840145
3180237
2984067
2731363
2875425
2983784
3081380
2896044
3372725
2883207
3313695
3489201
3245055
3226740
3313001
3174520
2976290
3149137
3023446
3320679
3015139
3220523
3686830
3336148
3267964
3132364
3471294
3469791
3483532
3239455
3213190
3294508
3504610
3314400
3290479
3211843
3151283
3167699
3495243
3198268
3168317
3414089
3347798
3203716
3408495
3141066
3186792
3198510
3273000
3017634
3483870
3448561
3330716
3331087
3261544
3313470
3287186
3180878
2968185
3304036
3101692
3193670
3215458
3577297
3299848
2940706
3196864
3235586
2916122
3255091
3732503
3532569
3337420
3256693
3135433
3468074
3151851
3351897
3351861
3203057
3106263
3432092
3226594
3248400
3431337
3072315
3356184
3214167
3105016
3228040
3117310
3345447
3208006
3466251
3320532
3122491
3227497
3063615
3004591
3539312
3268230
3366585
3079219
3162389
3127261
3039520
3341013
3691988
3732272
3071802
3049657
3346966
3069119
3227536
3261450
3064189
3356368
3073982
3271300
3906994
3054365
3180598
3138113
2960313
3206005
3102982
3118169
3283638
3192351
3164785
3106487
3521521
3126128
3331799
3403231
3177982
3010555
2813181
2915248
2923963
2834041
3105429
3006577
2748929
3110198
3107897
3333457
3280772
3375217
3392820
3457561
3989689
3074826
3302210
3336511
3491324
3330756
3213138
3069448
3092967
3343566
3618972
3485837
2789851
3432221
3029782
3362906
3490406
3309824
Errors: 0
3278805
3352462
3616018
3242392
3512035
3550616
3380602
4145061
3522808
3404817
3709797
3533769
3631343
3365627
3136699
3670699
3572406
4040613
3398599
3221885
3656510
3825263
3920899
3429880
3398523
3546865
3257123
3510850
4664285
3495987
3459431
3707455
4344295
3486858
3328587
3935852
3987155
3277067
3362675
3223815
3381516
3534485
3566460
3511070
4267587
3949882
3251542
3619211
3701264
3853793
3558692
3411135
3498711
3417728
3425057
3387138
3442715
3267194
3204972
3136909
3455632
3449950
3465062
3377455
3279520
3557176
3987187
3435095
3388017
3406129
3439455
3482125
3549226
3286014
5580471
3441506
3284321
3203392
3155965
3083158
3704936
3508479
3264834
3314037
3148856
3569849
3205129
3265314
3441557
3347041
3429847
3151780
3337723
3229564
3259679
3472973
3208176
3320933
3390690
3186157
3378800
3302489
3373364
3258971
3375237
3571769
3361592
3486601
3377787
3468356
3313072
3300070
3438846
3262702
3401211
3549052
3302093
3342030
3419654
3161537
3253844
3156309
3254569
3349090
3094650
3620445
3440232
3305111
4477528
3171989
3299029
3413803
3461509
3383735
3316501
3403011
3326547
3456065
3319338
3193720
3346738
3369202
3451263
3465169
3335165
3473108
3077393
3345260
3344488
3355888
3308444
4518419
3524654
3340100
3485211
3645976
3417698
3395971
3304770
3395588
3387836
3076487
3442829
3462733
3372627
3416680
3323493
3266769
3418890
3169173
3371262
3390947
3631430
3345477
3463745
3139187
3232358
3410555
3439084
3241879
3468656
3343844
3335240
3416741
3257232
3483531
3197249
3222947
3305499
3422992
3363115
3511988
3533428
3576895
3328872
3514636
3399250
3309416
3049482
3106064
Errors: 0
3396969
3180568
3699171
3283906
3221339
3260292
2709727
2802374
2841870
2799831
2743390
2734329
3200352
3185473
2902394
2946726
3000773
2993763
3032133
2993474
3062640
2732907
2843098
3010127
2920348
3469902
3120027
3023218
2913987
2847027
2830375
2536613
3878402
3396433
3854465
3273151
3423780
3500817
3590600
3240169
3323654
2899249
3431184
3581962
3389476
3463921
3502371
3738873
3415499
3320179
3708458
3324923
4148283
3614916
3812337
3640589
5154471
3481554
3418256
3555162
3634948
3801403
3553700
3369216
3412654
3235072
3020014
3015033
2743940
3045652
2880498
3045351
2882412
2987578
2813984
3324058
3067641
3030772
3085077
3151229
3482053
2973375
3153818
2889991
2872970
2964858
3060885
2813330
2975965
3053559
2924749
2980388
3193854
3105291
2629570
3382911
3214394
3280542
3161012
2862587
3219627
3271431
3344620
2767815
3260496
3410550
3276621
3346416
3409654
3132492
3869149
3447126
3410787
3181744
2968724
3339077
3064144
2927665
3158983
3154021
3061447
2970217
3079917
2877501
3272211
2785429
2885485
2918996
2846455
2875024
2894894
3021199
2857318
3013609
2899860
3043382
3126823
3510133
2988743
3016311
2894648
3353492
2912603
2979491
3261889
3347650
3338693
3157772
3401302
3467805
3484726
3585028
3314689
3225802
3294030
3317001
3296873
3150213
3576583
3321396
3417419
3379384
3218639
3513460
3252261
3204563
3198975
3361226
3234978
3491023
3299508
3527795
3210119
3448272
3871646
3415272
3294050
3078799
3211285
3325298
3559858
3569567
3290272
3332003
3286140
3599064
3538176
3830933
3529740
3525161
3381372
3498603
4084812
4600168
4549423
3347832
3523629
4013147
3613119
3759947
Errors: 0
3407599
4510592
4397691
3603749
3716484
3534834
3415066
3507950
3429886
4967972
4008448
3667654
3795425
3980964
3347677
3496028
3976168
3543839
3596493
3453480
3563857
3532647
3588380
3216575
4105084
3515805
3689358
3711015
4934742
3513302
3321629
3962244
3966186
3702419
3480325
2832605
3397007
3942512
4206857
3604320
3603178
3972593
3768818
3388086
3092687
3308524
3282017
3123516
3107198
3026332
3117265
2961413
2860322
2942467
3029018
3009285
2982555
2811098
2858138
2985167
3104066
3254230
3016966
3144170
3033933
2990906
3113423
3016505
2924902
2912243
2973352
3213974
3129099
3079718
3736569
2952201
3216987
3130198
3029067
3048714
3454503
3190482
3073643
3045144
3099263
3024648
3244477
3193308
3694249
3123384
3283734
3170513
3156780
2935820
3306062
3623354
3344536
3383034
3191759
3133260
4074538
3345137
3305137
3125551
3366913
3449970
3126900
3112023
3059505
3103201
3096936
3189645
3363569
3535916
3287241
3156467
3325829
3221588
3201475
3292866
2974414
3193593
2954643
3104979
3410272
3161585
3394918
3363965
3247420
3209692
3277882
3170427
3153980
3278682
3254630
3143670
3252978
2945934
3027770
3357156
3191975
3579672
2955219
2988061
3251490
3241236
3380063
3253852
3475667
3188574
3168781
3368444
3147375
3108719
3412959
3360848
3363437
3011708
3019681
3031200
3132013
3234094
3258001
3005566
2897057
3006805
3258814
3271652
3151430
3096238
3127931
3671751
3221647
3458646
3229044
3183855
3096142
3376233
3275248
2999010
3049625
3252505
3230008
3040744
3261624
3158544
3249350
3230005
3134314
3236050
3139895
3305875
3322545
3148531
3359714
3034855
3147432
3015418
2961389
3372040
Errors: 0
3183978
3266995
3109445
3176527
2954439
3102342
3174815
3175360
3186502
3197164
3155605
3249554
3145956
3076690
3169416
3341112
3411310
3052067
3077729
3181050
3243857
3280974
2996839
4445938
3158146
3201099
3414325
3303937
3478828
3340603
3113529
3427066
3214099
3140145
3023880
3216505
3383684
3170138
3217188
3732671
3223277
3476202
2990222
3297787
3803099
3078454
3289871
3374448
3145045
3313581
3068781
3454355
3437414
3204158
3513342
3260809
3429648
3686637
3169267
3431199
3104228
3363946
3069728
3155603
3097586
3228661
3565739
3473825
3578162
3018291
3225981
3246464
3283271
3239229
3288308
3666719
3428133
3148073
3185760
3072646
3138842
3649603
3073791
3866809
3289719
2928456
3255365
3369381
3127459
3142307
3203700
3129297
3546207
3019506
3152801
3043782
2644916
3292438
3248412
2873506
3792320
3445702
3364768
3013589
3123901
3445793
3008740
3242992
3113069
3230309
3216954
3855398
3050247
3173424
3294048
2911501
3171653
3402528
3225871
3318890
3080679
3223967
3039712
3141244
4201991
3766641
5404336
4285747
3218829
3451568
3450012
4583967
3336790
3790144
4688791
3343551
3738636
4511630
3290981
3245101
3579170
3783707
3455496
3217223
3278153
3006576
3422322
3307453
3245711
3143732
3145972
3381739
3167075
3441286
3509239
3267984
3214494
3366487
3005925
3103307
3061520
3633882
3553474
3303402
3277863
3519667
4017565
3341008
3575994
3473904
3597658
3347594
3318553
3505367
3445641
3222357
3449081
3391467
3668345
3323160
3210716
3215591
3493042
3453752
3419071
3345478
3134722
3959577
3615244
3466487
3035182
3354239
3274026
3378219
3383428
3464275
3260864
3688377
3377568
3330680
Errors: 0
3410325
3105903
3176625
3121517
3216900
2909189
2786888
3031315
2791365
2964442
2899751
2969406
2899011
2991747
3208223
2963078
2977959
3316109
3180639
2956852
3017520
3039255
3142280
3064071
3216621
3503706
3500157
3275955
3350662
3489843
3262782
3170876
3175225
3290776
3494862
3507109
3181914
3395856
3071225
3138985
3210289
3180368
3195309
3578069
4108819
3296985
3416583
4630367
4083556
3514352
3728801
3729906
4129733
3668068
3482348
3803082
3621853
4116716
3554957
3496344
4979269
3628939
3530632
3427946
3190246
2934471
2904360
3223638
2849494
2702834
3053414
3034876
2978721
2970379
3008074
3129661
3172610
3288463
3185083
3124139
3079103
3118817
3221777
3086084
3214069
3134864
2896227
3044227
3200836
3192753
3293753
3241681
3039738
3389604
3176627
3290322
3126631
3290539
3141915
3075723
3460370
3154769
3488156
3178712
3208265
3139697
3048111
3353238
3249201
3078173
3123793
3398353
3409616
3141915
3229706
2976238
3114870
3169102
3221892
3140515
3314579
3154451
3000561
3053803
3028356
3079485
3038956
3264278
3969274
3239318
3358187
3394038
3130479
2960774
3080568
3052566
3108982
2991355
3049726
3052849
3511877
3594761
3130535
3080725
3020047
3094424
3268287
3156720
4137047
3131439
3273078
3260922
3240308
3021077
3236633
3472631
3075190
3220871
3139163
3148905
3458502
3354499
3324943
3007440
3001006
3234338
3065568
3307522
3160197
3134582
3486785
3356201
3666118
3208756
3385810
3011664
3240629
3317526
3537578
3288024
3179702
3598124
2953815
3119952
3345666
3211101
3110871
3555821
3155275
2913526
3368901
3267147
3007802
3246853
3081167
3376167
3123744
3050890
3295971
3069032
Errors: 0
3171770
3216364
3121339
3118300
3332904
3196941
3025116
3369183
3056266
2924370
3468455
3235714
3179021
3132856
3266081
3056144
3088076
3077381
3392125
3506527
3186629
3159743
2809086
3048106
3286382
3133122
3000262
3397622
3125881
3044425
3309100
3063346
3081579
3137654
3200473
3317648
3122831
3082041
3282107
3122256
3458352
3456300
4687260
3166040
3110868
3236474
3381427
3811755
3404481
3142959
3197434
3067083
3197866
3436750
3002662
3014370
3212060
3171656
3499600
3379522
3273799
4000984
3093628
3365233
3529759
3250811
3045310
3461158
3211714
3161755
3290955
3213715
3364959
3269856
2998184
3033848
3051426
3107256
3438126
3416272
3424572
3229208
3207071
3207827
2992857
3122364
3147947
2976677
3229757
3078998
3294072
3436266
3476760
3367927
3149949
3198361
3128591
3012663
3554077
3867932
3279833
3186028
3262001
3247143
3013671
3157794
3045423
3038691
3096494
2908032
3496703
3056961
3038934
3106245
3435185
3039488
3286760
3108490
3709337
3201388
3251647
3215490
3143621
3359522
3303664
3209573
3162309
3063802
3087331
3191392
3236079
3385980
3197096
3191894
3093359
3062858
3143008
3370571
3245304
3207632
3422737
3295144
3264870
3212274
2867363
3458397
3279935
3071461
3301505
3362599
3416713
3217044
3376915
3240044
3328257
3225491
3433112
3184811
3326406
2966026
3343358
3241108
3291986
3134767
3326466
3293327
3226607
3311072
3558958
3577908
3271379
3387813
3208739
3332913
3005333
3180678
3399828
3461095
3304063
3187597
3202643
3140348
3713814
3194400
3345568
3250999
3305305
3121233
3398694
3257102
3587612
3146766
3284213
3136519
3223999
3310020
3180388
3541493
3403582
3194392
Errors: 0
3073011
3106016
3174050
3437580
3774364
2841697
3166676
5975793
3809936
3288430
3178702
4517015
2922106
3124751
3444241
3626845
3718153
3198000
3609132
3539008
3759034
3426256
3289929
3301650
3049432
2981484
3032147
2951479
3186644
3004187
3016782
3004554
2793475
3148873
2863761
2772794
2822219
3077670
3114459
2949270
3060258
2859561
2912283
3019709
2881582
3078883
2961163
3035415
3079764
3027052
3159290
3191834
3323200
3063616
3141305
3242232
3406640
3225549
3391680
3761768
3420055
3412862
3335310
3161130
3070995
3743906
3670057
2987924
3349542
3204172
3301431
3405411
3041482
3365824
3179753
3069056
3162726
3105708
3430771
3490878
3116736
3606540
2527685
4176342
4370158
3495264
3550334
3506786
3490967
3577417
5200003
3506151
3381717
3699333
3607341
3749063
3706526
4094683
4135989
4524090
3585607
3518490
3443863
3329016
3712011
3368081
3851810
3321716
3444947
3789547
4060377
3572570
3319344
3237145
3541772
3318228
3187809
3675995
3718423
3510142
3632299
3478249
3476237
3228146
2899236
2848854
3013115
2974811
3058977
3109341
3215119
2885429
3104490
3102347
3036517
3111427
3020045
2982733
2504715
3100804
3066147
2806762
2879214
3157920
2960313
2853819
2873416
3088237
2937202
3155826
3360522
3283069
3171693
3247755
3351078
3200918
2959705
3545551
3050442
3100074
3166732
2974155
2909210
3308906
2944941
2999451
3057536
2972475
3130310
3505916
3181875
2913520
3069688
2943132
3000378
2947539
3178920
2973438
3137673
3301006
3386046
3004255
2896641
3048024
3087845
3062150
3306808
3917674
3018392
3164149
3306735
3107650
2856350
2957368
2985008
3038048
3027771
2947279
2871883
3182200
Errors: 0
3180799
3676379
3285605
3097279
2941681
2884964
3401300
3162082
3170928
3322159
3055433
3000719
2837457
2883979
2941910
3003764
3097964
3037069
2919068
3072740
3118460
2963095
3022436
3094460
3007723
3015770
2889562
3080975
2912933
3178527
3039221
3014827
3087439
3052475
3012637
2967857
3072669
3293634
3034442
3183282
3117342
3123180
3057301
3182998
3153879
3073580
3148604
3006708
2977027
3084448
2964290
3057102
2937351
2954853
2838421
3081790
2986681
2999746
3148001
3322428
3192390
3178238
3030655
2915669
3004852
2921594
2977005
2967527
3060009
3118817
2967339
3038428
3084039
3478534
3175354
3231875
3129915
3264581
3237093
3344402
3286634
3031612
2964677
3095998
3089711
2934151
3061699
2833329
3144367
3005567
3244960
2921390
2953741
3077556
3010017
3289967
3193902
3286748
3147739
3226041
3041377
2910241
3044916
2939099
2999760
3141612
3128592
3288826
3098443
3156195
3190111
2935312
3093453
3121121
2958027
3051689
3234904
3167380
3016717
3141559
3303687
3149600
3084912
3053498
3084831
3195940
2927057
2939158
3223732
3394371
3077752
3078029
3033468
3092384
3092370
3042257
2821932
2882759
2983655
3017338
2889676
2925199
2975303
3032521
3091566
3104252
3035970
3234086
2865169
3686788
3138229
3013817
3142059
3197163
3013660
3039889
3032373
3028016
3062466
2980100
3010365
2925230
2882251
2895276
3188088
3098351
3258101
3207414
3125671
3121404
3298351
3178898
3118513
2959321
3035834
2934992
3055639
3084043
2966228
2805167
3042784
2914735
3134517
3118407
3109363
3200260
3019554
3180458
2969479
3332779
3035296
3000644
2870896
2983853
3091867
3070448
3158250
3073114
2989324
2960874
Errors: 0
2998720
3040717
3101925
3159268
3273172
3144465
3204679
3144894
3316122
2611018
3204861
3100035
3367362
3044747
3127544
2987967
2887386
3037603
3065158
3222773
3123006
3007239
3325424
3018240
3044898
2872507
2937743
3003802
3575646
2989099
3227289
3074251
4379155
2935546
3118106
2989218
3125116
3026664
3195608
3212362
3134800
3027178
4735500
3069368
2976656
3037258
2973916
3062623
3044412
2938514
3075135
3055170
2955100
2741878
2936681
3023958
3090489
2922452
2852359
3113629
3064090
2846051
3110345
2961922
2788526
2939326
2973434
2963361
2924667
2939680
3107109
2916695
2782066
3143099
2989430
3036369
3078908
3052499
3054799
3202549
3354379
3179255
3087389
3025980
3020073
2844475
2888077
2787606
2945382
3201621
3310765
2730979
3042158
3015561
3048544
3127129
3149535
3371559
3094122
3115055
3311768
3148224
3109008
2959417
3041595
2947367
2889084
2979441
3001598
3089319
3184098
3029576
3319130
3093284
3149003
3008174
3092156
3367972
3123318
3232515
3084391
3030559
3098248
3088808
2974424
2968153
3005876
3013550
3137983
3178570
3130984
2873922
3222196
3184689
3197882
2966960
3125308
3012529
2989445
2985773
3137294
2961648
3093534
2842059
3006753
3158007
3017046
3214192
3102870
3081237
3408135
3830878
3247247
3000635
2962162
3005687
2994191
3062882
2975323
3050751
3101086
3107018
3117923
3176599
3087843
2995548
3062166
3043150
3840760
3238574
3207947
3169099
2975012
3026060
2877101
2986621
2977896
2983274
2730725
2419881
3158216
2866832
3050490
3094888
3072912
3094782
3064613
3296655
3113329
3277290
3095096
3017861
2886038
3323644
2918476
2803276
2817960
3086594
3049633
2998690
Errors: 0
3301930
3282827
3058997
3101022
2938584
3253687
3100366
3184280
3033489
3379732
3062641
2890826
2790413
2929847
3028911
2856076
2870809
3016517
3218736
3095739
3089504
3118736
3154017
3271912
3073343
3082306
2835629
3042775
3538655
3097799
3016951
2923877
2906204
3463790
2937796
2878025
3117945
3250166
2980438
3222099
3297186
3146113
3129086
2986589
3055681
3541476
3204198
3500044
3082351
3225003
3214435
3041005
2930589
2863430
3031050
3044854
3021388
3048171
3019255
3075995
3314040
3144770
3481559
3034971
2889531
3028488
5528299
3171910
3033924
3115614
3306125
3171322
3264995
3093552
3022682
3142151
3011618
3043672
3547042
3290703
3126516
3097744
3112528
3107290
2922533
2957429
3035620
2908840
2897761
4224798
3233555
3068504
3160335
3010510
3211530
3176309
3126116
2963617
3246627
3130051
3199014
3110244
3154409
3219589
3066950
2977555
2978073
3458152
3155912
3205497
3127708
3159264
3169956
3068319
2975831
3134414
3002784
2986350
3058235
3191680
3177276
3041897
3287847
3091389
3058495
3006955
3078165
4038170
3074476
3391824
3284884
3302147
3060538
3066499
3058516
3108490
3083804
3156571
2753090
2963508
3005069
2899185
2986608
2885791
3002816
3163438
2932487
3058675
2998714
3173987
3125154
3147440
2968993
2790628
2987720
2860040
3009028
2986021
2994960
3111221
3185334
2913670
2881301
3005853
2940143
3094451
3038402
3156445
3270670
3245243
2665135
2893724
3978463
2276413
2911098
3023317
3127051
2989321
3121238
2965195
3077677
3139103
3057324
3006686
3120009
3027775
3134591
3077694
3038459
3372705
3003684
3106983
2905020
2794704
2769182
2925442
2869864
2973726
2710015
3297685
Errors: 0
3143545
3252149
3059684
3223743
3023144
3115506
3088847
2862029
2955411
3063887
2856495
2885165
3044826
2717236
2648084
2768797
2931745
2892497
3066733
3277713
3142932
3199040
2980702
3152658
2870515
2751097
2735785
2899244
3097466
2938170
2840531
3030623
3005001
3048538
2910111
3055016
3011847
3061821
3184557
3153877
3292606
3252839
3044527
2934392
2870486
2974261
2988143
2773257
3190608
3008951
2942282
3032872
3100546
2980886
3054166
2979169
2836197
3107614
3287647
3025928
2901242
3202736
2809501
2806610
2896854
2930322
2876594
2746108
3118522
2923641
2905479
3312687
3257674
3176129
3048689
2910270
2981731
2914430
3057719
2889253
2843286
3046734
3245854
3049364
3183732
2951607
3102850
3055255
3267802
3291262
3127130
3184810
3056758
3201200
2930154
3121909
3071855
2875842
3129221
2883909
3049912
3144105
3171029
2830261
3056716
2893193
3889197
3015591
3160041
3137806
3241458
3284048
3175916
3272594
3152278
3008313
2787493
2582925
3121497
2935901
2914529
3085990
3044626
2831830
2937476
2594703
3328735
3261494
3258251
3484278
3074359
3162824
3109501
3018289
2941204
2999186
2932893
3009013
3032315
3142451
2967457
3012311
3130212
2822728
2888540
2956885
3035663
3080781
3443919
3150428
2989502
3184235
2956304
3004746
2913780
2732943
2843861
2754673
3166274
2936622
2741828
3169674
3046004
3025134
3116215
3152200
3047647
3100480
3152439
3022201
3002672
3200282
3140305
3035404
3226766
3064517
3015193
3017691
2984437
3020613
3033422
3171687
3153679
2958116
2858397
2852334
2995490
3054003
3050077
2974288
2928366
2972574
2986760
3221681
3559236
2888662
2888393
2825805
3303705
3077108
Errors: 0
3146649
3207241
2976974
3173186
3220423
3119072
2861229
2819966
2866863
3023765
2856999
3179226
2776327
2917236
2728265
2792353
2789097
2869828
3150162
3331185
3062074
3192845
3061049
3074206
2888033
2856121
3015823
2967315
3596858
3113882
3004747
3042971
2877404
2790366
3075839
4075774
3054028
3038449
3197103
3156853
3002968
3188140
3042052
2867210
3019378
2815752
2820785
3129461
3118409
3111471
2940148
2967645
3217427
3142880
3062938
3014064
3224646
3043108
3223404
3096022
3014530
2841482
3029995
2935840
2834146
2802313
2882087
2907676
2925324
2721560
3731455
3272890
3042978
3091231
3028344
2889507
3072328
2991478
3187128
2936864
3121029
2924890
3014727
2929602
2956652
2953059
3031479
2886424
3081074
3148615
3355442
2687303
3200006
3149441
3102579
3062176
3028094
2959729
3081591
2992122
3092764
3109187
3120278
2925511
2935232
3002618
2996383
3111400
3027268
3126887
3066035
3126851
3304939
3300773
3271531
2990657
3041328
3268424
3328172
3164404
3038335
6125988
3189975
3013729
3136579
2951608
3264869
3148851
3297761
3042267
2987198
3756196
3338670
3142317
3096949
2882386
3115878
3129364
3201069
3147454
3012825
3105830
3202570
2861822
3077242
2894370
3047847
3080215
3157893
3241776
3101238
3233451
3210820
3276780
3157331
3076153
2992147
3693369
3116737
3323433
3098050
4086104
3364286
3244513
3140102
3049378
3083653
3094198
3314797
3192339
2890750
3181966
3327716
3104066
3023017
3027775
3053801
3182953
3451769
3205914
2929458
4166236
3200307
3160976
3153845
3090045
3334075
3113601
3048935
3454688
3171063
3008458
3186209
3065399
3081826
2982241
3094779
3056084
3108830
3228871
Errors: 0
