49095
30083
13255
27702
24090
36504
33870
33428
24242
22689
33830
31396
31983
29316
49237
32415
33888
20468
34357
32274
34798
25422
35107
31433
34447
33643
32845
43581
33881
32583
33703
30944
35272
32066
32692
33060
33861
32461
35237
32267
44416
33090
33415
31803
34254
39434
34925
33388
33510
22029
33737
30612
33473
33016
34442
32209
33049
27627
32883
33692
34303
31918
32708
32250
34988
32966
32646
32020
33451
31000
33806
31676
32058
31755
33015
44010
35116
28730
33978
27080
34313
31549
31523
33242
33526
32702
18964
32572
34973
31231
33330
15859
35006
31556
34296
33395
34728
32561
34182
20182
33995
32602
32534
30799
33968
22733
33942
32310
34274
31377
33277
31830
34601
32371
25754
33934
35244
15122
35255
31231
41387
32311
35104
33289
34245
32724
32835
30708
33638
32447
33134
31893
35087
32546
33483
34245
28032
32610
34815
32442
33682
38911
29902
31170
34827
31934
45990
31571
34592
31748
31616
31731
33201
31634
33383
33374
32672
31981
33393
33172
34835
31973
32066
29773
34788
47983
33568
29674
34065
32247
34409
31524
46976
31109
35222
30830
33396
32225
34621
32151
32789
31372
32427
30775
34852
30338
33039
32000
31411
31410
34337
30809
31893
31206
34604
32711
33968
33085
31991
31444
32862
31685
34262
30778
34526
32554
44693
30670
35129
31619
33583
30480
30767
30867
34287
32396
32376
32177
33287
32177
34538
31666
32087
30353
34097
33306
34051
47005
32490
32735
32896
31794
34293
30983
34393
33211
34053
32112
37654
31646
32957
31636
32005
30792
32478
33583
32218
31971
32605
32282
33815
31049
32956
31083
34303
32818
34163
49834
33607
32090
33029
31791
33674
32211
35266
32391
32116
32365
33914
31336
32728
31908
32942
31690
42346
33332
34447
30000
33927
31096
33114
31092
32546
30993
34488
33126
32624
30692
33326
32155
32434
30998
31906
31223
34369
33653
32290
32005
33393
31922
33330
31505
31357
31442
33704
33767
33842
39267
35192
28157
34640
32233
32546
31457
35005
34459
33306
33039
33929
32763
33643
32527
32765
30688
34783
33985
33126
31974
33452
33983
33080
31495
31864
30709
35429
33102
25749
33355
33034
31952
32442
31024
31653
31874
16263
33281
33072
30620
33636
32779
33259
30762
31423
31175
34213
32896
32757
32138
34220
32585
33388
31881
31597
30238
33432
33777
33740
31634
33094
32081
34170
32328
32722
32500
34476
33060
32766
33187
33207
33144
33447
31172
32281
32966
34204
32993
33667
33303
32866
32187
33461
31519
33352
30908
34519
32755
33136
32244
33605
31912
34058
51476
22788
32209
34798
23352
32194
32023
32512
31182
32631
31399
35155
21630
34735
33254
33129
32022
33772
31498
33216
30913
50674
32729
35463
33833
33238
32100
36325
31860
32134
30990
34458
32153
34022
39030
33022
31978
32679
31939
33134
31321
32729
30057
28503
32646
32612
40378
32292
32615
17229
32813
31420
30723
33716
33029
32315
32859
33549
33898
33224
32166
31886
32493
34517
32306
32779
30969
33178
33417
32333
32689
33588
31495
47804
34963
33003
35545
34803
32765
32301
31624
32995
30532
34699
33704
34401
14794
34034
32723
33881
31216
32071
30547
33927
32517
32339
32081
32593
31816
34994
31620
32440
30308
29304
35228
32956
31714
33653
32253
35245
31345
36679
31575
34878
32265
33163
31532
32869
31248
31966
31239
32410
30842
34728
34702
32704
31265
44763
31559
32789
30968
40645
31609
33784
33597
34119
32859
33058
30575
33447
30484
31791
30338
33915
33063
33874
33564
33713
31148
33531
31505
32869
32216
33803
32741
33172
32656
34058
31330
32233
31434
33257
31204
34658
33575
33475
31441
33805
33582
35043
30711
31781
30114
35282
32694
33713
32527
33316
32712
32512
30590
34381
32724
33265
53684
33001
31362
32374
33777
33614
31197
32144
31862
34679
33461
34822
16118
33806
30906
34306
31319
34633
29939
34956
32136
34803
33180
34635
31490
32619
30388
32213
33825
34216
32248
32939
17223
16090
31969
44428
42834
31823
30042
35264
32597
34339
32929
21166
31263
33582
31230
31959
30248
32617
32267
35262
34003
30313
31962
33022
32779
31723
30778
34213
32736
33830
22489
33987
33289
34349
32967
17240
34337
35269
14883
34866
32151
34730
17371
30428
31986
32047
30195
33660
15884
34070
32491
32379
31420
33694
31160
32467
31986
34551
33194
33510
32105
29451
32155
35131
31558
33350
33743
27295
32132
34941
31789
16392
18779
34468
32022
35015
32359
34225
31580
34544
26555
34500
33568
30252
31719
50604
25068
34134
31752
33393
31265
30308
32090
33811
30605
35219
31172
34604
32934
16652
33071
16150
31014
33461
23874
35522
30680
34347
32998
34791
32881
26170
32435
33085
31134
24434
31359
34630
27427
34672
32415
35145
33394
34092
31148
33799
31124
34959
19815
34801
33180
33348
33085
33223
30304
32498
33194
34895
32464
34828
18751
33600
32289
32813
30503
31641
32927
33774
33578
34796
31809
19463
32910
31539
32804
34405
32741
34276
16628
34350
33194
19110
31446
32697
30797
33568
32303
33566
30847
34716
33825
34917
30869
32682
30964
31641
33524
34282
31478
34787
32112
32624
31895
33422
30787
32180
33218
34496
31895
34661
31667
34877
31878
33600
31283
32322
27676
34370
31072
34193
31997
33222
31337
32516
32596
32870
32106
34942
31067
34370
31327
33642
31754
32613
30912
32371
31387
34673
30775
34710
32140
33664
33050
32659
31403
32346
48764
34566
30153
34091
31511
34074
32130
32710
30106
31999
31535
34404
31375
34855
32026
33065
33099
32307
30114
31717
30279
35142
31268
34632
32732
31434
43809
32793
31334
32028
30499
34581
31186
33751
31538
32589
31703
34438
31001
32072
32707
34851
33861
17626
32950
46775
17226
18411
20386
19760
18963
20641
25135
21380
15089
16464
14695
15512
31689
17932
21264
34519
31087
21373
40621
32870
30954
34906
31468
32198
31883
34569
31793
32909
31693
33329
32018
32196
30845
33834
32979
34674
32200
34214
33848
33033
29088
32084
30997
31781
30208
30916
32933
31118
32887
27872
34122
34445
32601
34260
30793
34350
33542
32458
32427
33751
33004
33882
16789
32198
32499
34892
30934
34666
33482
34040
32162
32635
32956
34681
33279
33701
32365
34552
33933
33258
31327
34586
31478
31332
31574
35037
32873
35365
32912
29247
33256
34142
31550
34375
15359
16463
27531
34950
30234
34646
33355
34605
33855
33642
32251
34794
33101
17590
33371
35911
32924
33853
31745
32700
30776
34759
30909
35032
32618
32364
31281
32361
31412
32079
35224
34436
30871
34996
32928
33057
30762
31587
32499
32445
32899
42283
31735
34676
33140
32808
33719
32890
31934
32429
16251
34702
33724
33933
31808
32577
31671
34426
32812
32414
32982
33099
43786
34137
32358
32084
31546
32631
32572
32065
33236
32618
32679
24500
33895
31881
30915
32305
30618
24741
32922
33608
30293
33123
32405
32005
30686
32745
33257
33453
33589
33528
30839
35445
32499
32820
31332
33634
31844
31919
33446
28661
32963
34263
32175
32711
30956
31959
30364
32705
34531
45266
31005
34419
32397
33549
31786
32822
41460
31301
32727
32984
30133
32949
33030
32771
31361
32894
29956
33739
32514
33496
31116
33902
32980
32111
30800
31864
32756
32172
31527
33373
30667
33732
33281
33475
32659
32421
29903
33506
33490
32650
31233
34535
33616
33135
31043
32514
31357
16498
31937
33286
23914
32635
32835
33126
31107
33450
31026
33793
32919
33048
30842
33735
33164
33111
30526
33145
32337
33167
32395
33485
30582
33295
32193
33039
31626
32244
31791
32555
32272
33458
31813
34829
33521
33281
31218
33645
30675
32247
33318
32875
30362
33948
33074
33220
31262
32373
31553
32895
33483
32771
30561
33844
32454
33169
31378
42366
30924
31745
83904
33826
31844
35205
32349
34099
31468
32243
30432
32561
33936
32854
12234
33588
32381
28562
31299
26756
30444
32419
32308
32969
31754
33266
33242
32754
30497
32383
32334
31629
32841
31820
30476
34244
27028
33446
31594
31290
31463
32199
33317
33412
30995
32875
33056
32932
31841
31958
34904
32325
32568
32179
21859
33873
39294
34753
53085
33905
30007
31596
33720
16291
32516
33150
40032
32761
31532
31684
31342
32810
39852
33416
30897
33667
40310
33089
31159
32255
30412
33133
40185
32857
32427
33946
33556
34737
34999
32349
31102
31743
32955
31512
31653
32660
32801
32931
31969
35055
30728
33099
39709
32803
31546
32512
29128
33810
32012
30818
31812
33002
32951
33363
14601
33570
33155
33431
32560
32332
30187
30835
34739
33472
31468
33514
16886
34031
31458
32989
30444
20930
30180
32424
30850
34014
33446
36443
31436
31925
31177
34264
32677
32631
31789
34409
32386
34635
31895
32929
31209
33955
32800
31828
31684
33670
32541
33750
31478
31820
32684
32269
32866
33271
32434
32104
33075
34093
32216
32158
31659
33819
33635
23964
33730
35725
32354
35934
31208
35424
30357
33188
35710
32257
32378
33885
33135
35521
33002
32529
61223
32892
33035
35191
33431
32386
33471
35281
31201
33218
33160
34101
35409
32376
31733
34203
33029
35394
34080
31857
30592
34368
33323
32556
31552
35316
35293
33987
31643
32078
31167
32619
33589
32626
31100
33431
32859
35133
30655
32531
30782
32924
33897
33072
33006
33101
32512
34732
44310
33885
30394
31128
32784
32000
31228
32346
32359
50847
30784
29508
32142
47894
35026
34421
31005
32631
33045
35361
30459
32849
30020
45822
33070
34788
32726
32252
32405
34528
31293
32740
30149
33232
32706
33503
30215
34191
33087
35261
31464
33099
30988
31801
32488
32802
30978
33905
31609
34558
31094
33645
30813
32972
33351
32854
32046
32915
31415
34647
31087
34201
30740
31884
33019
32019
49234
32976
31464
31685
30678
32767
30257
32793
33323
32196
31849
32363
31527
35191
32206
33070
30554
32138
33303
32456
31767
33272
31102
34502
32294
32718
29981
31702
32439
32372
31195
35761
31032
35332
31065
31624
31007
32730
32505
31667
30284
31658
31294
34592
31435
31827
30793
16998
39780
32024
31533
34783
33607
34788
31505
32410
31117
33662
32524
34606
47737
34383
31208
34963
48523
32662
31250
17742
32291
32034
32412
34002
31418
34126
30643
32953
29780
35159
31747
36188
33696
33674
30896
35717
31410
32617
32095
34453
31784
31510
32738
33230
32456
33114
31881
33531
30568
34951
31323
32393
31946
32897
31891
35310
32349
48004
30651
34104
32063
34793
33381
33975
31270
35699
32264
34383
30469
33313
31051
33310
32449
32954
30974
35449
32360
32864
29921
34910
31755
32318
31149
46501
31743
34349
31650
33055
30682
34123
31301
31565
31923
32362
31206
33822
31143
32866
30791
31107
30952
31964
32592
32405
32025
34798
31129
39366
31175
31222
38864
31956
30386
32284
31080
35276
32284
32194
29699
30771
31512
33185
31532
32716
31442
36892
31896
32012
30357
34408
31328
32151
30752
24102
40723
21466
32068
31947
30433
40487
47302
21720
31850
33245
31156
35148
32308
32245
31044
30711
31379
31998
31616
32658
33075
34459
32732
31983
30143
35341
31877
32832
31558
32709
31522
33599
32818
31849
30869
34692
31784
31993
30203
33432
31978
33538
32998
31199
32097
34471
30981
31495
31403
33701
31868
33820
32944
33204
30479
34012
31464
31881
32949
33693
31857
33660
33049
31915
31486
34711
31548
31839
32958
33521
31406
15860
32708
33247
31279
33681
32156
32706
33706
32835
32588
33197
33342
32432
30301
34449
32456
19792
32076
33587
32058
35131
32712
32990
30893
34032
32321
32794
32020
34652
31306
34961
35060
32390
30995
34548
31099
34007
32223
33446
31881
33119
33981
43703
42019
35835
32439
32757
27541
34443
32653
33058
33257
31857
31748
42583
32570
33458
32070
33325
31527
32294
33944
31952
31068
41135
30622
32728
31908
33548
30636
32808
33898
32568
30993
34138
31170
15058
31501
33625
31752
44891
33629
32583
31503
34597
31597
32549
31003
29946
31250
32568
33741
31842
30762
34148
42360
31975
32403
33223
30991
17567
33102
42770
31924
34078
30821
35135
31787
33240
30927
32970
33005
32893
32309
34825
31659
32192
32221
33206
32143
33213
32493
33903
32174
34379
31231
33755
31709
43781
32381
34648
40408
34574
32485
34629
30204
32636
32779
32433
27582
22013
33058
34327
31617
34733
30432
33883
33199
32561
30947
33201
33607
34349
31230
34790
30765
33901
32738
33025
31377
33604
33675
33458
30318
35407
30804
33122
32644
32158
33789
34002
32888
32410
31452
35065
31535
32520
31697
32294
31100
32828
33856
33968
31977
33619
30717
33753
32136
31981
32092
53348
33059
35480
30404
36781
33157
35235
32673
32837
31484
35063
33993
34815
30579
34616
33549
31833
31068
32507
31917
32972
32233
24089
33192
33867
32066
32745
30943
32510
31937
33890
33070
32956
30571
36189
30671
32733
31964
27249
32170
32886
32818
48783
31279
36325
31350
33440
30697
32415
31091
33718
33323
32581
32008
34264
32321
33449
31880
32452
31245
33407
32699
32990
30019
33944
31042
33718
31450
32684
31828
32699
33061
32835
31224
34291
30765
32736
32190
32699
32615
35425
32586
32615
31287
34339
30795
63275
31236
32378
31707
34562
33471
33922
31173
34291
31981
32335
30988
32343
32478
36415
33966
16292
21033
34529
31554
33435
32126
33117
33179
32876
31243
35395
31530
34553
31765
34138
31838
31614
33117
47566
32729
34976
29823
35352
33725
34107
31593
32432
33393
31722
33123
33866
32119
34571
31481
32971
30246
33258
31569
32015
31787
34806
32308
34454
31151
35187
30863
32345
33500
31780
32156
34044
30355
34452
31561
32918
22978
28775
31840
32168
32206
34225
31719
34941
31190
32340
31527
34041
31520
33199
33199
34944
31789
34253
30785
32797
31813
33056
31471
31601
31450
35789
30884
33920
33631
34425
31462
32668
31234
32607
31231
33973
32382
33638
30881
32871
31154
33638
31658
31688
32328
35819
31634
35124
30819
34335
33340
33420
31440
33170
31750
35291
31518
34443
31127
32942
31450
34296
31744
32840
30532
36677
32823
33954
30627
32149
32166
34398
31450
31350
29945
31273
35155
31842
32799
32532
30852
33498
32058
31852
30936
34534
32093
33372
31353
35080
31923
33243
31287
32375
32160
35199
16134
33403
32918
32219
31590
32955
30474
31556
26393
34313
33010
32837
30928
34767
31137
33017
32296
31884
30885
33386
15266
33772
31418
31792
30950
33624
31355
31641
31353
35374
29463
33624
30382
33294
30455
34352
31168
33052
30785
34418
32269
32529
15514
32512
31263
32736
31059
32859
30773
34507
30579
32894
30948
32491
31052
32296
30749
31648
33779
34345
30386
34155
30962
32612
30991
32976
31163
31874
30685
34085
30064
33908
30935
32239
31964
34685
21088
20072
32813
25684
31123
33296
28031
26330
15558
23333
14414
16317
17642
24481
33086
35173
22734
21916
19449
28111
18519
28827
18080
20279
15771
18248
21265
28859
21408
27610
32399
20262
22756
41037
32083
34296
31572
35005
32949
34138
33428
33656
31811
34597
32561
17587
16818
15947
15678
16148
19804
17107
15439
19948
24477
21629
27359
26475
30489
30966
25603
34287
31532
35034
32090
33308
31213
17952
34510
34109
33445
31292
34862
34085
32797
32930
31403
34660
31962
32959
32959
32569
32976
34558
34696
23184
15857
17017
20371
27380
14985
27329
19955
28446
14931
34507
23115
31049
32396
33826
27149
20018
16640
18118
31104
33694
29519
32527
31763
32465
36101
34000
32294
17023
24046
36276
31339
35216
33331
34675
32898
33891
33433
34435
32940
33612
29532
18395
22686
15951
32500
34631
32112
16304
45918
33849
31166
34665
31705
32804
32107
18366
50370
36864
38988
32692
30455
34289
33996
33610
32993
33328
30936
29282
23817
35837
26788
34531
33423
33010
33540
35144
31926
37111
33546
33608
15756
33161
32515
33258
33457
30811
35510
36599
39420
22612
16842
19577
32978
34616
31651
32921
32922
34983
33008
34602
15383
20232
23311
17766
20066
41744
31370
32008
29860
34289
28406
35266
33908
34134
33658
26607
26017
28753
27145
32241
25798
28256
39951
34204
38364
34794
33656
34386
33141
32918
30358
34607
31918
32017
31214
32268
29979
33768
32779
33168
32688
32156
30795
31241
30588
46158
33367
34979
23673
34289
30998
35233
33239
34701
33447
34476
34148
23150
24726
26178
23280
24889
33387
35359
30458
31305
28861
23123
34017
32770
29017
26265
16223
31926
16227
17850
34258
23095
15221
16679
20602
37820
33110
31433
33955
32464
33155
30929
34018
33432
32870
33032
31560
34238
33887
33952
31848
35679
32831
33850
33865
32789
32603
33835
30726
32702
30754
32486
16600
25282
33646
23417
32986
35359
33316
38469
33083
28458
26060
33688
26250
34667
33321
33364
31576
35852
33175
34236
32012
34801
32773
33964
32001
34612
31685
34675
39909
40470
33367
16604
16295
18932
28768
35990
32694
34226
30602
33370
32744
33949
30769
32515
32131
34423
33309
31136
30710
31505
32969
33183
31477
32416
31073
31929
32605
33064
30535
31784
34430
32850
41839
31635
30499
31766
30258
32432
43747
32772
32258
32103
29989
31759
30649
33396
30520
32942
33144
33673
32976
32738
31241
32780
30254
32258
30176
47071
42630
32314
33075
33001
29953
32013
30656
35314
31254
32328
30603
33166
33998
33420
32573
31690
31135
31770
31200
32098
30122
33316
33018
32899
31472
32855
30433
32263
30416
32720
31254
34765
33062
33316
31574
33586
31503
34959
34655
33583
32537
35672
32091
33010
31412
31872
32505
36107
32428
32510
31300
34450
16552
34413
33273
44797
32989
33447
30720
34197
31669
34432
16946
35245
32605
18365
32442
34440
33103
32996
30805
34629
32503
29008
30029
34253
34020
30957
31826
34777
33997
33081
33642
33969
34100
34602
31572
34954
35108
33554
32869
34845
32091
32299
32054
35100
31261
34750
33110
22142
25261
30160
20529
27832
15555
15709
21339
28040
29396
33687
46286
28617
30078
34372
34377
34527
45450
33876
32819
32853
33394
30187
33426
31204
32067
33518
32947
32406
32732
35668
31758
34379
33591
34532
34498
31501
14757
34675
33483
35910
33175
33842
33059
50268
31226
33141
33959
34095
32108
34663
31030
35718
32411
17203
32227
36148
16888
32952
31773
34988
32479
34527
33081
33995
33335
34653
32428
35139
32406
33040
33867
42570
38904
34806
39819
34372
31845
33804
32190
34500
31331
34311
32583
36311
32091
33068
34403
34064
30618
35066
32052
34762
33287
16645
31671
32964
32460
32889
35362
33948
31639
33964
29052
34782
32804
33779
33456
33328
31673
36927
31851
35117
25354
34236
33843
34532
31567
34418
31928
34005
33605
34675
31491
36257
31999
34811
31989
35304
33345
35120
35166
31157
20261
41434
35083
34078
34397
34544
34127
30436
32538
47454
33702
35141
31765
35107
25677
34676
32618
32790
33588
35734
33061
35833
32979
35646
39950
34124
32086
16827
16461
28537
27015
37308
33076
33459
31571
34641
33406
34139
32040
31151
32531
35517
30875
34159
32274
17901
34052
18670
31356
30503
33360
35192
31514
32380
29989
33491
32651
35599
33457
35728
31937
34707
31532
35195
32685
33249
31168
32901
32885
29394
16765
15415
16500
17036
23403
34057
33027
28176
20994
33594
33607
35612
33416
19494
33847
21870
20895
35542
36522
33139
30902
34590
40276
32819
31443
32271
30702
32312
30465
34445
31032
27642
30647
31462
24585
33643
31232
16638
31468
34933
21764
34847
31317
31436
30783
24574
26502
34314
26975
33289
33294
34039
15645
35103
30938
18573
22413
34224
31331
34772
30986
31485
26389
23368
32108
31907
30829
35537
31504
35370
30557
34037
31113
26484
29539
34862
31389
34603
20555
26739
31528
35153
45812
35449
31418
31882
30773
32202
30083
34829
31242
35285
16806
34928
30885
31783
30689
31690
31178
35243
30985
36222
30861
33459
31302
33702
31768
33224
30957
34675
31254
39296
31800
32955
30991
32037
33996
33801
34773
36015
32974
35231
36231
34933
33991
34428
32169
33819
15813
22000
32059
22671
31540
34379
45203
34825
45928
34544
33876
27130
35044
16836
34178
32644
30109
35928
33343
50633
22402
33935
31778
32183
34214
36610
33409
36862
27505
34982
26440
29584
30598
35581
32907
33625
32710
33409
33680
34666
30116
35275
32716
35575
28403
29327
31926
35022
16288
26139
15858
34309
15889
36835
32931
34015
32340
34704
32174
34013
32994
35163
33933
35224
33494
35433
33122
33513
42327
33506
33785
46651
36591
35309
33654
30118
27504
33438
32705
33377
33797
34399
32685
21292
28340
34700
20806
27859
33163
16411
15752
16217
15747
16752
29135
35006
32702
34515
31783
34916
32676
34683
18673
26609
28166
34437
31973
33256
31152
44968
32794
35391
31829
35534
33635
34836
34953
33429
33176
33979
16656
33761
33081
30220
15530
35134
31459
35462
34457
35164
32790
34663
29553
35753
31098
35426
33549
23729
26371
31194
31098
35614
33700
45938
28935
34352
29152
34282
32971
33684
33846
34930
36056
35355
34251
33025
33552
34523
33518
15648
30270
34891
32831
35450
33411
34137
44672
33120
32239
33614
33338
35042
33243
34977
32083
31732
34287
36253
16458
35160
33372
35496
30680
18059
15516
15407
15323
43459
33921
33625
32884
33829
31441
34636
32569
33166
31497
33088
43004
34302
35027
33887
28573
35230
30446
33860
31441
44596
32218
34625
32911
33212
31979
35163
31756
32214
32690
32560
31841
33571
33379
34406
33033
36838
32559
33171
31786
34549
15918
28212
17402
35136
32302
22191
34224
35095
32742
34416
34199
35528
15145
36675
32710
35680
33176
33341
31576
35581
32489
32618
35142
32627
32169
34773
31786
32728
34183
31450
16616
18310
21398
17018
15647
16548
16998
17042
19531
18038
14923
17284
16719
17148
20175
18136
14937
17259
16328
17637
16338
17004
15467
21752
17992
17752
15839
16828
15998
16235
15650
16217
15636
17185
15889
17332
15970
16716
15639
16913
15971
17283
15408
16525
16244
16806
15148
15911
14971
16567
15276
17043
15739
16816
15344
17209
15923
16275
15251
17018
15293
16946
15529
16960
15730
16093
14831
16724
15674
16744
15571
16752
15977
16403
24998
28508
15957
17795
15868
16963
14816
16239
16177
16605
15020
15541
16394
16056
16387
22722
15481
17727
15411
16342
15392
16788
15059
16516
15491
16414
15297
16581
16783
17014
15054
15798
14931
14925
14600
15751
16103
15641
15775
15935
14634
17924
15568
16135
15927
15770
15518
15555
15612
16844
15934
16354
15131
33525
33480
34542
33178
34353
33305
34666
26137
16044
30029
24927
15439
15394
23907
35275
16071
16097
17100
18428
15030
15750
33314
49374
22641
35518
30681
34952
33259
35195
22693
35343
29852
35440
34151
33843
29508
16815
20006
20050
21585
31241
15864
20523
29969
35447
30381
15653
33904
33356
15965
27349
31589
34360
32317
22828
34224
15552
32970
35295
32831
34960
32011
33542
32426
19138
28703
34913
32196
35598
33050
34280
33409
17209
16380
17232
33368
16617
33984
16574
15376
17105
27923
34341
24081
25972
33147
24497
32162
30861
50600
16415
27579
33200
33977
29597
31363
33120
30143
34142
31759
45460
32365
33450
33965
48295
33288
35676
32513
35009
35004
19372
22680
35351
31679
25540
30397
28870
47490
22650
33278
50928
31094
33608
28152
17981
31822
23931
32792
16003
15680
16182
22433
16468
23701
15816
15999
17790
15744
17368
31340
32916
31982
19036
32916
37075
15696
19327
15686
17492
23295
16035
21322
16192
15378
16240
15612
16893
15581
16745
15997
16698
15270
16422
17220
24177
15764
17166
15651
36472
15329
16055
15442
17892
29047
16580
21279
16600
15494
17602
20910
24434
21978
15700
21024
17083
15803
15842
22972
19904
14823
31564
34586
34409
15419
34661
32560
34188
34430
28853
33198
34796
15197
33437
31518
33234
34185
32542
33109
34237
36403
34030
32817
33479
16034
35190
20170
25585
27451
26038
26084
28730
17004
16123
15920
31414
33606
25458
31565
35255
16055
45926
32514
39870
25956
35224
32361
23661
33103
35033
20434
21638
16003
23278
26080
23325
20310
25856
27646
32656
29451
41408
19431
35071
31174
34678
33839
35011
33451
33765
31569
32822
34329
17432
15181
16536
20057
20069
16443
17771
16354
32574
31766
42325
33715
32834
28034
32299
30395
33084
33742
33385
31870
23950
17849
34680
33593
31072
31405
34756
29921
34193
31179
33112
33203
33083
14885
16302
25277
16491
15759
16041
14531
16588
15321
18218
16952
17261
14756
16799
15058
15638
14827
15068
14924
16677
14690
15994
14550
15525
15095
17089
15313
15140
14334
17039
15180
16518
14559
16017
15351
16659
15041
21086
15079
16662
16019
16143
15161
16165
14872
16498
15429
15460
14406
16793
16874
31967
15352
15475
29645
34394
33193
31849
43897
15898
31878
32844
31140
32747
31524
16805
33759
30970
34156
35496
32951
31412
33317
35780
40622
33077
31730
33339
31405
35615
31788
31984
30577
32409
32940
33851
30720
32125
30514
42255
31301
33677
31914
32871
30232
33630
32962
35336
33543
33026
33351
41818
32671
36034
32946
33460
33945
31230
30772
36357
31897
33780
31783
32144
32001
33748
33520
34438
33552
41095
34176
35047
34389
33656
33278
31694
16360
35069
33021
35149
32970
30858
31698
33509
31665
31654
33742
35372
33428
16928
34307
35144
43696
34979
30952
32946
33923
29710
29732
40920
31235
34217
32599
37625
33974
36147
37456
30396
32637
34406
32960
35462
32943
30816
33717
34035
33635
34700
33302
17150
46470
32118
24714
34999
45453
34802
17269
32538
34251
35137
29912
43089
27794
35706
29969
35596
31496
36366
25226
36314
32416
34397
17426
22181
33608
20255
31658
34130
21442
33390
32076
28413
22378
21756
19378
29265
16793
36993
32290
35333
32487
33632
33266
34441
33033
16352
30838
33850
32969
34805
31968
29765
34497
34768
33423
35581
34280
34440
34137
35001
16345
17946
23986
17365
34055
42834
25639
34537
33021
34909
33549
41744
32946
34111
34324
34463
32045
33036
34535
33567
30585
36503
31727
32266
18076
34244
31990
31701
33380
46572
31562
32769
30781
32412
34021
35018
30844
31938
33164
36075
31771
32909
33649
34370
30740
34430
32496
35152
35367
35555
32771
32820
31363
32560
32086
36265
30876
32181
34227
33248
32322
32390
31331
33921
32101
35656
31847
33004
32431
35079
22135
16685
16119
16132
16279
16612
15534
16373
21524
21165
15690
16458
15813
16338
15375
15608
15110
15924
16491
16346
15690
16042
16158
21052
15608
16318
15836
18497
16767
16976
14957
16315
14615
15412
15355
17062
16291
16157
16274
16675
16313
15762
16171
16392
16222
16527
22753
15807
16254
18681
19793
16152
15825
16286
18610
16607
15332
16699
16225
16423
15862
17310
15776
17300
19969
25212
16891
27632
16425
15634
16294
16921
16042
16601
16171
16670
15968
18289
16083
16209
15482
16497
16510
16171
15562
16735
16018
17485
20839
15714
15298
16377
33528
16999
16001
42672
34838
28776
25699
31207
37490
35130
25356
34574
33084
27059
28152
35459
33831
33587
33526
35152
33812
28842
31720
34775
30780
25964
40822
35015
33133
34377
33875
33797
32133
35305
31887
17487
33754
16565
33791
34026
32456
33923
16922
16156
33751
23542
33616
30300
30618
33781
33400
34200
16668
36033
31922
35353
33271
34231
16476
35196
32368
34982
32620
18145
33139
32871
31312
33606
31497
32265
31798
33445
33582
34028
32819
17158
33686
34904
32029
34152
34191
34627
17037
35183
33035
29829
33060
33768
33108
34367
31766
35314
32259
34548
31011
34997
32681
35356
33116
33320
33783
32914
31737
35336
31205
34819
33958
34106
15264
21475
33200
35157
32300
34846
31771
34031
33424
33490
31079
34050
31917
32928
32808
35544
32196
34006
32693
33453
24736
17557
15521
34460
32254
34680
31273
32242
33154
33043
30613
32077
30832
32043
30286
35366
31402
33271
34569
34515
32000
34579
32668
35685
32089
34506
32108
33346
17377
16577
15120
16380
15329
15965
15491
15501
16700
16700
15360
17171
19012
25656
32076
34831
33220
18609
29965
42018
23399
27446
32485
33737
33718
33414
31361
22310
33378
32974
31620
33312
15125
30082
33727
16048
20955
19686
34023
33899
16855
34428
32800
34309
31837
34987
29519
32513
31911
32453
25184
33443
32354
25393
33171
30009
32984
18359
26648
28440
33860
35011
20904
29404
25208
35076
31635
31822
33577
35212
33579
33759
33142
35433
33655
34778
31705
41750
31968
33240
33262
32858
16469
26929
28283
32457
18290
25059
16705
16341
15851
27517
28272
35474
19115
26996
27539
26206
36427
36008
32121
34698
33552
32579
30081
27499
16291
23331
17146
35291
23119
35042
26033
20674
16830
19765
33757
35854
33647
35814
33364
34736
32012
34853
14774
18251
15734
28438
27003
33179
34196
21776
31562
32745
33388
30505
31450
19046
33310
36074
33113
32834
31303
32737
31881
32208
31368
18175
32490
32020
33635
33405
31659
32050
30748
35681
30976
19099
30633
32286
33371
32230
32286
32548
30713
31318
31747
33312
33186
33186
40846
32138
30680
31152
31587
48819
30257
35057
33377
32366
33613
31666
30540
32140
30922
33965
31417
35593
33664
32264
33764
32630
29879
40458
31021
32441
30835
34858
34161
32618
32740
31946
30915
32752
31220
33184
30840
33982
33540
33392
33531
32164
35289
31723
31189
32154
30298
28360
32790
32810
33441
47392
30521
31732
31470
32470
27397
24425
33805
33009
32900
32963
32009
32329
30616
32854
31208
33773
33203
32421
33188
32127
31594
31999
30876
32023
30993
34295
34482
32291
33553
32893
31356
32135
30950
32745
30563
33409
33858
16922
34906
31781
30718
32075
30784
34654
30841
32038
33618
32579
33407
32951
31222
32796
31358
32373
30842
32594
34110
44174
33820
32774
30834
32227
31216
31975
30718
33431
34201
32883
33330
34917
31465
31849
31203
32965
31271
31803
33087
33701
33351
34601
33992
32535
31985
33099
31439
31648
34058
16041
33128
33477
31927
38306
31261
31856
30384
31739
34245
33304
34431
32036
30184
32087
32126
31672
30871
31432
33225
33075
40396
32778
30761
32315
30812
31893
31223
32174
33451
33136
33388
32977
30883
31628
30900
32324
30878
31402
33475
33404
40194
31883
30718
31390
31235
33734
31182
32470
34264
36054
34257
32866
32810
32953
31167
33210
31386
31611
32609
33002
32242
32767
30774
31989
31208
31946
31303
32335
33895
33016
33206
31956
31854
32412
31082
32523
30871
31992
32803
33347
33310
32199
30881
31961
31289
32291
31679
31830
34540
34337
33261
32642
30214
31878
31194
32793
31580
32455
33264
33283
33621
16425
32939
32133
30847
33679
30801
31708
33393
33674
34147
33157
30488
31616
30689
31832
31294
32205
33341
33176
34399
31844
31296
33045
31312
32645
29988
32728
33036
33448
34195
32363
30828
32339
31225
31978
30713
31578
33455
33263
33194
33437
30138
32436
31230
33500
30827
32412
16351
33975
33271
32053
29818
32103
30871
31846
30827
31956
33128
34465
33043
33487
30729
31878
30468
31577
30791
31305
32359
35821
33053
32154
31264
33012
30846
31551
30776
31834
32441
35258
29267
31601
30514
31221
31616
31599
31040
31791
32179
33036
32769
31633
32305
32250
31152
31999
30228
30992
32868
35297
31715
32582
31541
32125
30740
32509
31781
31558
27995
32824
31422
32258
30992
31769
30444
31815
31778
32623
33014
34642
32866
32341
31167
32084
31891
31546
30596
31837
23654
41130
32424
31521
30352
32504
31693
32087
30946
31980
32028
35164
32131
32715
30913
31757
30961
33135
31351
33145
31892
34456
31659
32079
30713
31951
31815
31960
30471
33635
31548
35460
32055
32142
31143
31716
30388
31162
31565
33210
31067
36140
32788
32495
31163
32859
30772
31366
30490
35339
31166
35958
31890
31701
30446
33337
30900
31861
30286
31769
30276
36100
31681
32604
31017
32172
31164
33397
31112
31339
30424
34987
31585
32582
30298
31555
30347
31021
30325
32255
30941
34771
31767
31871
30652
31691
31056
31684
30060
31722
31094
36059
31145
34091
32222
31806
30366
31167
31070
31684
29344
33938
31582
31531
32477
32567
32235
32415
30533
31533
30878
35447
33125
32051
30828
32252
30796
33310
31094
31572
30021
35909
30681
32218
30704
32315
30538
33076
32157
32385
30303
35501
32024
32220
30468
31361
30871
32014
30692
31676
31273
35009
32177
46893
30315
31922
30912
31788
30813
31715
30099
34298
31970
32621
30330
32366
31048
32361
31387
31492
30044
34924
31446
32096
30536
32131
30786
32858
31999
31521
30910
32338
32366
31597
31007
32458
30524
33019
31028
31861
30026
34594
32382
31631
30119
31942
30769
31433
31114
31713
33673
32980
25401
27656
44284
33735
30976
32834
31720
31881
30313
35110
33419
25111
31436
32162
32053
32545
30864
32218
30410
31559
33145
33106
31155
32079
30508
32909
31084
17025
31912
35067
32179
33016
30830
31994
31635
31949
30662
31883
31088
35099
33154
32569
32507
31223
31679
31912
30796
32118
29750
35116
33518
32679
30685
32080
31305
33963
44655
31591
29803
34705
33121
33108
31036
31589
31589
32484
32994
31657
30669
35691
32596
32111
30580
34775
30917
32700
30798
30651
30672
35918
32703
32781
30541
31964
31693
32536
30776
32221
30883
34829
33349
32006
30662
32189
31446
32345
30468
31696
30660
34705
33528
33531
30206
32369
30844
31590
30764
32535
30322
34849
32604
32806
30658
32626
30932
31926
30277
31895
30761
35106
34742
34659
30650
32361
32760
34179
31137
32204
30298
35271
52312
32106
31367
31793
31480
32596
31347
32577
30903
34979
34584
33555
31123
32419
30655
31550
31184
31686
29995
32094
33868
33705
32220
31813
31009
32223
30635
31936
30449
36215
34457
32812
32961
32591
30714
31378
30883
32300
30794
34944
32517
32965
30864
32662
32320
32599
32851
31582
31549
35096
33524
33611
32647
32084
31414
32500
30558
32060
31005
35458
33933
33482
30634
32807
31160
32262
32354
32007
30849
35072
34242
33556
31505
31665
31378
32494
31298
32487
30221
34871
33982
33521
31174
33135
31362
31977
30342
32713
30716
35543
33921
33701
30701
31713
30864
33796
31257
31635
30539
35467
34235
33623
30900
32645
30929
33235
31295
31934
45177
34431
33844
34911
30908
32211
30541
31332
30983
34266
31143
35252
32673
33344
31293
32482
30951
31866
31016
33116
31419
34843
34064
34072
30710
32869
31108
31973
31696
31614
30395
35584
34996
24167
32106
33038
32730
33104
31764
31909
30544
34994
32905
32992
30519
31468
30553
32228
30908
31791
30646
34251
33324
32718
30519
31504
30794
32111
31201
32718
30898
34972
33941
33073
31788
32393
31130
31424
31213
31888
31907
34924
33543
33749
30177
33268
31045
31766
30783
31905
31769
34938
34130
33934
31418
31905
31939
32274
30886
31895
27515
35283
16875
33715
31327
32518
30459
31951
30456
31585
32354
33905
34104
31084
31332
32250
31003
31849
31160
31801
19390
34307
33472
36856
31143
32550
30570
32327
31124
32262
16098
34310
31083
34647
31352
31995
30628
32140
30766
51579
30088
33647
32745
35516
30886
32330
31123
46165
30488
30820
33405
33916
32510
34795
30818
31876
30393
32009
30866
32067
31188
33018
32058
35368
30436
31320
30616
31325
31502
32307
33483
33788
31857
35171
30646
33902
32121
33087
31032
32541
33701
33858
32839
34038
31213
43449
30429
32944
41993
32095
34887
32859
33920
34222
30704
31875
32271
33281
30468
31621
33036
34378
32582
34654
30946
32315
30725
32148
30919
31825
34380
33817
31385
35186
32114
32638
30830
31650
30801
31009
31325
33451
18873
35329
30679
33657
30364
32262
30452
32255
31780
33773
32014
34261
31198
31393
30985
32119
31461
32614
32878
33511
31760
33912
30886
32984
30595
32939
32033
31885
33458
33405
30655
34458
31405
32138
31424
31956
32628
31611
33507
33111
31539
35254
31310
32199
31422
32062
31512
32361
33424
33053
31148
36023
31733
32329
30750
32429
30841
32446
31419
33862
33570
34511
31184
32662
31886
31215
30980
31264
33196
33866
31237
34084
31117
32481
31140
33121
31211
31851
33330
32871
32373
37401
31437
32815
31257
31279
31071
17027
33014
34203
30825
35285
32068
32027
31039
32012
31912
31845
35348
32830
31221
35812
31444
32829
32231
32254
30311
31883
33483
33539
22991
34978
31592
33092
31406
32577
30939
31980
33051
33334
30956
35198
31883
32812
31221
33951
31657
32153
43927
33835
31330
34771
31740
32672
31796
36094
43881
31364
34950
33835
32315
34424
31486
32249
30942
32415
31943
32858
31339
32552
32883
35028
32315
32341
31204
32197
30861
33771
31435
33791
30589
34543
31837
32934
30699
32024
30963
31614
34110
32383
31243
34815
31942
31891
31844
32453
31512
32368
33116
33298
31677
35520
44449
33089
31130
33817
32696
32254
33014
32730
30924
35365
31257
32261
30975
32996
31573
32348
33483
33121
32771
17120
31175
33242
30575
31507
42166
32160
33067
32039
31646
35166
33286
33189
31966
32531
31090
32065
35985
34011
30663
34043
33201
33533
32487
33475
31992
31745
33055
32572
30114
33885
33407
32555
31221
34853
32145
32633
34142
33915
31596
34780
34390
32696
31082
32378
31357
33592
34050
34628
32404
34147
34174
33385
31668
32293
30898
32001
33693
34000
30999
36371
33482
33348
33193
32371
32837
31755
34324
33272
30689
33519
34194
32436
31271
33448
31834
31934
32458
33873
31286
35162
33990
32948
31420
32218
30432
32305
34365
32772
32157
28731
33914
32966
30881
31937
30762
31744
33858
33002
47710
35026
32744
32170
31352
34155
31527
32279
34130
32560
31509
33975
33344
32487
31201
31335
30381
32470
33620
33150
31209
34521
33221
34019
31034
34230
31495
32015
33087
32201
29898
32565
32599
32574
31672
32312
31573
31961
33970
32337
31517
32748
34232
32702
31495
32496
30116
33558
33992
33351
31682
31781
33133
32985
31012
31676
31242
31177
33354
34341
31883
32312
33278
32560
31027
32014
30539
32055
33745
32757
31657
32065
33184
32917
31139
33007
30946
31829
33836
32781
31359
31468
33439
49407
31825
22076
48086
32704
34424
34262
32213
33628
34252
32978
31029
31956
31301
32458
43325
32951
42680
31827
33606
33351
31119
32014
31073
32315
33652
34877
31701
32699
34298
32706
30328
32082
31053
31655
33181
32043
30895
32327
32781
33383
31065
31621
30223
31675
33371
31959
31038
32194
33211
32626
31298
31393
31194
31844
31658
32655
33951
31747
34815
33941
30990
32803
30924
31635
33228
33291
32099
31670
33623
34118
32213
32625
31669
31800
33662
33480
31301
31123
33696
32578
31097
32143
30830
31726
42520
32444
31080
31345
29972
32659
31982
33596
30573
31483
32993
31476
30123
31769
33473
32817
31805
32238
31211
32643
34198
31548
31097
32553
33567
33153
30976
32078
31078
33739
33007
33570
31723
31480
30841
33572
31524
31667
31415
36875
32618
31912
31439
31238
15406
33980
30748
31169
30624
34750
31492
32092
30636
32138
33929
32781
31250
32441
31277
34143
32473
32567
30706
31499
16898
34218
30276
31947
30211
33868
31684
32517
30747
31284
32529
34997
30660
31922
30396
34940
32609
35431
32563
32117
31640
34627
30874
31757
30337
36198
31539
32886
31420
32111
32061
34252
30209
32079
31377
34967
31442
32757
30279
32063
32948
35482
31252
31832
30325
17350
41038
33642
30881
31871
33655
36128
30952
31549
30900
34451
32021
32090
30520
31898
31910
34126
30801
32664
30466
32392
31582
32451
32260
31721
34392
34642
31182
31633
30415
34679
32771
31674
30529
31573
31621
35113
42906
32587
30587
31492
31759
32755
30811
32320
32866
34046
31019
32507
30551
34851
31277
31798
30859
31747
30522
35242
30845
32184
30809
47577
31893
32087
30954
32484
30833
34895
30857
31643
30070
35707
31272
32163
32286
32177
31919
34936
31383
32747
29837
34252
31878
27169
31830
31442
31439
34332
31563
32271
30141
35072
31859
32606
42586
32619
30162
50184
31164
31553
31213
34975
31781
31827
30697
32019
30357
35863
31223
33691
30245
35060
30968
31871
31114
32177
30128
35827
30973
32116
30420
35021
32400
31574
31522
31636
30969
35402
32553
31311
30160
35581
32131
32715
31024
33043
30161
35516
31517
31682
30883
35210
31568
31895
30902
32053
30403
34703
32264
33262
30764
35490
31381
31878
30859
32319
30801
34582
32228
31793
30461
34164
32046
32717
30505
31774
31141
34984
31036
31446
30202
33628
32242
31604
29981
31121
31102
34445
32313
31691
42801
35040
31243
31798
30121
32060
30616
41488
31223
31422
30447
34494
31747
34563
32369
32526
31094
35385
33322
32590
32157
35543
31864
31838
30526
31687
31235
34550
32359
32165
30425
33914
32968
32097
31024
31875
30861
35562
31658
42299
30417
30641
31992
33055
30305
31662
30354
35705
31948
31801
45308
34530
31223
31456
30507
31456
30927
34606
32476
32024
30912
32412
31175
32444
31512
31740
31672
18435
32907
33310
30684
33611
43835
32349
31082
31474
30531
34342
33434
32524
30549
34822
31706
32929
31631
31451
30626
33303
50023
32965
31942
34768
31553
30774
32526
32045
31197
33788
33953
32407
30432
34865
31752
31905
31233
32113
31094
33739
33735
31939
31109
34349
31971
32613
30927
32092
32410
24109
32951
34089
31757
36166
31262
31640
31854
32817
30917
33939
33344
32631
30660
34121
29848
32616
31886
31750
31194
33548
33336
32257
31517
34905
31876
32448
30919
33881
32003
33533
33111
34303
31233
34181
30862
31519
31337
31864
31213
33728
33811
32300
30546
34101
33058
32815
30306
31806
30767
34819
32883
32961
30500
33773
31573
31893
31456
32599
29923
33198
33652
32531
32039
34499
31572
32405
31328
33876
31143
31439
33133
33191
30696
35943
30495
31590
31808
32240
30844
31879
32478
32332
30335
35280
32519
32366
29893
31060
30048
33511
33771
32917
30037
35890
31968
32289
30740
32398
30498
32036
34143
32301
30548
35099
31386
32754
30238
32257
30798
32524
34614
32236
30318
34982
30711
34987
30794
32477
30444
31629
28399
33403
30808
34725
30983
32458
30182
31602
31116
31566
33461
32886
31024
34220
44551
33466
30687
31551
30589
31968
34366
32471
30903
34198
31497
32458
31021
32533
30192
31544
32694
32549
30949
34934
32180
31679
30645
32524
44983
32247
40345
32908
30551
35174
31994
32027
30564
32808
30757
31624
33171
33688
31364
34784
31602
32888
31072
32519
30439
32672
40013
33329
30905
34516
33184
32704
31845
32070
30296
31842
33103
34421
31579
35203
31252
28264
31830
31883
30592
31318
34000
16644
31636
34497
30864
32303
30791
32970
30636
32153
34470
32703
31174
35198
30917
32277
30566
19295
30823
31940
33574
34135
30495
35579
30517
36181
31281
32451
32092
33058
32286
34098
30599
35415
30755
31381
29789
32477
30190
32288
31341
32609
30687
34701
30995
32204
30162
31808
30170
32242
30879
33427
31427
33914
32386
31822
31607
32684
30558
31112
33152
34456
33495
32978
31305
32048
31303
32051
31437
32058
22483
33534
16851
34271
30825
32723
31354
33385
30420
32000
33039
33176
31167
33238
31124
33864
30638
31801
31107
31716
32913
34293
32710
33492
32517
32194
31019
32300
31051
33317
32094
35130
32925
33534
30867
32191
30634
32405
30968
32031
32604
35436
31932
32954
31080
32099
30599
32147
32335
33368
31845
35256
33771
33124
32364
32063
30619
31351
30976
32250
32121
34932
33672
33415
17716
32870
30893
32311
30398
32063
32825
34094
34601
32580
30677
32255
30387
31597
31325
31859
29746
34318
33801
33380
30924
32638
31138
31361
30466
32463
25285
35959
32286
32657
31699
32170
31536
31509
45636
31383
33279
34404
32942
33575
30944
31109
31570
32121
30292
31541
32812
34524
40058
32521
30852
32270
31697
32478
30670
31493
33126
34575
33315
33165
32473
33706
31330
32551
31429
31740
32157
34643
33728
32832
30913
31296
30852
32146
31233
32119
31350
33118
33497
32451
32412
33162
30304
32716
30306
33342
30517
47317
32888
32856
31675
32079
30468
32720
30088
32146
31425
36147
32691
32742
30927
31842
30607
31493
30852
32136
30675
34987
33288
32587
31786
32733
30456
31725
30342
31894
32039
34747
32791
33693
42583
32522
31534
32534
31182
32480
31359
34436
34123
33368
30978
33352
30951
31932
30718
31461
30383
34941
29935
32417
30287
33019
31204
31242
31119
32092
31301
34674
32658
32735
30369
31872
30670
32643
31042
32373
30990
34611
32793
32078
30937
32295
31845
32521
32361
32616
31942
34453
33335
32362
31185
31698
30500
31434
30694
32152
30863
35449
32626
33633
31585
32065
30432
31947
29716
32499
32254
35936
34361
33146
30449
32417
30680
32017
30271
31157
30809
35456
32760
31609
30716
32657
30165
32493
30755
31529
15768
34247
32812
32271
31289
31531
30757
32730
31252
31570
31374
34432
33104
32284
27709
30176
30879
32844
31070
31961
31019
35021
33680
32488
30723
32963
30869
31694
30219
31864
31560
34676
33051
32760
31150
32847
30572
32303
30671
32092
30279
32792
34021
32410
30872
31867
30804
32565
31529
32136
31338
35374
33405
32422
31315
32643
31834
32156
30973
31771
32082
34592
33412
33354
31556
31995
30415
31932
30175
31844
30796
17774
34055
33147
30716
31998
31704
32121
29869
32473
30847
35373
33371
31177
31711
31772
30182
31897
30672
31864
30549
33562
33895
33548
30746
31439
31529
31565
31211
31555
30988
33142
33735
32255
31008
31138
31124
31560
30408
47160
32218
33618
32301
32131
30580
33094
31004
32175
31568
32121
31607
33626
33764
32459
33793
32029
30733
32801
30650
32383
30289
29749
33516
31859
30321
31583
30253
32204
30206
30850
31175
25895
46235
33359
30746
31303
30532
46482
30656
31808
30551
33592
32629
31432
31958
32219
30968
31126
30735
31849
31978
34349
33586
33315
30949
31514
32245
31607
30190
31801
30990
33420
33191
32080
31702
31559
30517
32752
30869
31537
30416
31440
33109
32444
30799
31862
30490
31755
30030
31505
29884
31483
30997
31954
31539
31510
31102
31675
30714
31732
30916
32177
32890
32893
31056
32908
30653
32398
31191
31839
31262
31774
33623
32842
31095
32415
32204
32007
30500
31599
30087
34402
33097
32107
30192
31459
31325
32011
30432
32847
30371
31570
33368
33529
33031
32172
29922
31915
30932
32473
30578
32427
32862
35266
31723
31842
30660
31840
30590
32415
30762
31686
32888
33121
31049
32216
30437
33601
30908
31874
31248
32696
35706
32199
30859
31471
30893
32269
30891
31308
30250
32107
33240
32765
31087
32864
30728
31910
30408
31537
30846
30801
34441
33929
30915
31755
31005
31917
31138
32209
30944
32330
32266
33458
31723
31820
30947
32063
31010
31959
30153
34630
34363
33342
30366
33456
30554
32136
46636
32372
31374
18696
30342
33278
30896
31005
30925
31898
30221
31653
30725
16495
32650
32121
30029
31801
30206
31747
30639
31534
30844
34301
33621
33235
31337
32932
31160
32367
30910
31837
32457
35330
16808
34815
33839
32359
30500
31543
30359
31995
29962
34257
43045
33953
30787
32077
30796
33567
30728
32539
31255
34766
33612
32527
30675
32371
29832
31321
31420
31507
31114
35130
33446
33560
31027
31951
30452
31461
30791
45212
31568
34818
32549
35453
31228
33259
31066
32812
30532
32509
30197
35092
32896
35574
30983
31738
30538
31978
30621
32808
40928
31025
33604
35456
30379
31520
30245
32148
30488
33526
31371
34335
33104
34218
31393
32531
31150
32152
30539
32286
30860
36263
31250
35089
32058
32677
30318
31943
29718
32083
31274
35735
32570
34932
31709
32711
31257
31306
30500
32170
30746
34679
32570
34912
31216
31755
31009
32085
31352
31371
30056
34121
33240
38310
33327
33705
32905
32427
30211
32226
31467
31594
33497
35240
30980
31475
30270
31723
31122
31752
30862
34832
33378
35074
32469
31531
30973
31551
31099
31133
32444
41293
30636
34849
31558
32194
31772
31803
31012
32266
32240
34369
31296
34473
30845
31432
31459
31954
30925
31772
42265
35094
32985
34111
32602
32498
29823
17072
29575
33881
30519
34829
31194
35335
30500
31362
30650
31313
30076
31947
30111
34754
31575
35332
31980
31660
30578
32794
30723
31907
29646
35761
30983
34798
30624
32798
30161
32046
30568
31896
30883
34242
32519
33917
31589
31697
31349
31670
30796
31524
30683
33820
31973
35436
30920
32170
30819
32796
30258
33051
30549
35150
31653
35376
30983
30651
30985
32560
43505
33005
30386
34543
32075
35941
31968
31434
30648
31492
30214
31789
31917
34805
31612
34754
31925
31588
30289
31289
30882
32494
29989
47078
30867
35446
31335
31711
29544
32022
30174
32439
32138
34356
32742
35327
31430
32509
29172
32231
30726
32888
30667
34693
32175
34779
31434
32012
30728
31834
30976
32383
32085
35141
30078
35856
31721
31925
30255
31691
30816
33764
30117
34283
30542
34221
32551
32638
30466
31607
30908
31785
30481
46289
32063
34715
33584
31990
31323
32283
30598
31791
31269
34925
31226
21997
32233
32633
31857
31973
30109
32942
30381
34742
31192
36308
31492
31575
30789
34235
30382
31867
30852
34614
30833
32576
31973
33499
30626
32720
30963
32109
31508
36024
30825
34383
31993
32303
31041
32345
30568
30825
29498
35371
30733
20406
34048
32534
30738
32116
31240
31554
30776
35548
30224
35422
30583
31199
33499
33499
31762
32551
30945
35004
30850
18891
32400
31308
30903
31638
30531
32016
31206
33568
30607
34233
32294
32296
31051
32507
31376
45100
32609
34208
31435
32975
33288
32791
31177
31775
30587
31153
31975
34079
31420
33815
34892
31842
29859
32108
30078
32405
29619
34407
31492
33460
33708
32291
30803
31281
30978
32900
30578
34528
31355
22170
34170
31568
34371
32211
30663
34174
30218
35696
29859
34574
33235
32218
31997
31427
30799
31691
30444
46493
30925
30345
33526
32689
30716
31703
32721
32376
30633
34788
31069
33211
32885
32116
31058
31949
41702
32442
31677
35220
30911
33420
33153
32737
31192
32577
31799
33254
30850
34551
43262
33218
33435
31760
30590
32076
30376
31053
30291
34526
31435
32776
33541
32774
30007
31980
30386
31731
30315
35659
31270
32427
45871
32723
29920
32371
42095
32699
30568
35308
40272
32898
33337
32410
32567
33036
30649
32575
30080
41219
31030
32835
50825
33128
31490
32204
30874
33345
30474
46158
32009
32070
32432
32483
31359
33266
41117
32352
30629
35294
31194
32721
26473
32051
30677
31980
30864
32315
30413
35220
30668
32488
32328
32313
30982
31954
31177
31126
31497
34266
31481
43078
32692
32233
30746
32155
31250
31254
31701
33822
30641
32276
33303
31822
31281
32437
30972
32931
32207
34978
31488
31805
34033
32313
30849
32002
32000
32180
15186
33300
31306
32579
34131
33024
29724
31475
30651
32676
25062
50142
30478
32754
33104
32527
31391
32515
31635
32849
16101
33817
33427
32786
33817
35254
31112
31548
31685
33968
33330
33184
30917
32726
33803
35609
30578
31206
29891
33332
33995
33029
30928
32299
33825
32546
30133
32373
31199
32287
31129
33449
30507
32677
33192
32696
31161
32233
32291
31913
33116
33966
30170
33277
33700
32685
30345
31502
30852
32352
26678
32937
30417
16175
30299
33840
30587
32114
30435
32104
48701
33612
24543
32907
33589
32842
32784
32304
31261
32366
33390
33320
31281
32517
40774
33083
29591
32233
32672
31658
32841
32694
30456
33102
34011
34645
29803
31815
30514
32131
33315
44052
30614
31476
33793
34902
30782
32682
30697
31859
32655
33502
30667
32551
31507
34675
30887
33946
31178
32594
39859
33418
31534
32014
31742
35582
30480
32175
30656
32767
33669
32937
31548
30900
31847
34684
30983
31505
31835
32316
33235
32286
30289
43971
33262
35938
30641
31765
30843
32153
40422
32495
30789
32287
27717
35099
32305
31401
30995
43236
30368
31747
30995
32781
22892
35878
32277
32407
31270
31553
33779
33726
30466
32776
26046
33845
32092
31728
31699
33165
46585
33060
32340
33691
32165
35606
31347
32835
30688
31520
33767
32583
31274
32379
42901
34781
30772
32226
30898
57896
32703
32808
32211
34317
15532
35294
32544
46119
30680
32291
34643
32604
31185
32439
32726
34227
30634
31646
30170
32211
33182
32514
31862
31832
43149
35453
46364
32254
30750
33665
28835
32306
29944
32024
31077
34994
30333
31592
30437
32447
33946
32575
30485
33082
31847
35125
30520
32701
31010
32813
33376
31347
30343
32053
30789
34053
30794
32624
31191
31806
33383
32262
13552
32255
30316
34687
31134
32187
30466
34849
33376
34223
31172
31786
30301
35502
31526
32830
30571
32405
32442
31590
31587
32046
30971
35038
31599
31616
31510
31872
33568
33437
30267
33131
30178
34347
31080
32189
30588
32466
32779
31925
31888
33364
30330
35014
31534
45714
31349
32083
44843
32249
31263
31755
31231
32839
31735
30895
29712
31107
40068
32961
30641
32007
30833
35776
31546
32481
29901
32610
33332
32240
30728
32725
30378
29455
31030
31879
30612
32286
33478
32709
32325
32701
30440
35181
31264
31966
31220
32185
33487
35251
31286
31954
30956
36582
31917
32078
30549
32577
34373
32628
30806
31959
32042
35536
32898
32371
31762
31759
33359
32026
31483
31577
31221
34611
32245
32032
31027
33357
32998
32184
30536
31442
31252
35638
31952
32376
30923
32304
32852
33424
31826
32126
32767
34929
32231
32286
31374
32240
33931
31975
34041
32272
31786
34769
32322
32784
31315
31548
33840
31884
31223
31895
31213
35024
31606
31136
30194
32282
34413
33144
31602
31925
30611
33929
31656
32524
32948
32372
33895
32262
31473
31890
31151
33587
31398
32931
30466
32198
33643
31534
30789
32347
31913
35329
32762
31454
30449
30859
32998
32650
33318
32106
30517
34148
31658
33342
31313
31883
32592
32213
31148
31971
30308
19598
31854
32378
31357
34125
25847
32752
30990
32020
30683
34497
33936
32170
47769
33963
34021
31968
31184
32510
31435
33631
32677
32406
31491
31330
34060
32548
31713
32131
31888
34817
32449
31808
31039
32488
34903
32526
32224
32765
30514
33085
32674
31815
31619
32723
31421
34948
28456
32355
30860
34048
33075
32405
30699
31827
32944
33085
32502
32407
31012
34572
33723
31653
32507
43603
33893
31757
30922
32376
33123
35111
33371
31723
31381
15886
34992
31810
31772
31670
31070
33730
35222
32143
31059
31870
16373
32067
31255
31976
30981
33565
34720
48408
30937
18242
32713
33106
31384
31762
30441
32061
33689
33578
31134
34070
31694
31728
32747
32444
31002
33660
33238
32879
31803
34332
32992
31575
31175
31993
30389
32046
33861
32601
31493
28594
31611
32322
31583
31259
31626
32119
34228
32973
30255
34099
31595
31716
30893
32454
31021
32560
33730
32833
31327
34176
32461
31995
31930
32813
30900
32046
35717
32126
30949
30680
31762
26772
32184
34026
30216
32328
33840
32223
31141
34362
31347
33255
31491
32076
31243
31284
34099
32886
30940
34541
31769
31490
30859
32454
30217
32279
26033
32597
30884
30785
32432
31490
31143
31894
29979
31910
32917
32723
30862
32958
33863
32199
30918
32317
30527
32228
33599
32593
31517
35830
32294
32352
30572
46605
30626
32855
34527
32177
30791
33975
33099
32168
30398
31369
30454
31378
33934
32948
30932
34687
31384
32504
31701
32385
29757
31852
32279
32568
30590
35109
31272
31964
31418
31786
31209
31707
33306
33245
31520
34342
32663
32221
31286
31813
31061
32628
33097
34696
29782
34900
31206
33764
31313
32893
31680
31808
33402
33757
30299
34606
31335
25404
31816
32226
30600
32409
40222
34065
30206
34432
31825
32078
31388
33164
31589
34873
33269
34409
30874
32022
31753
32022
31238
32432
30304
32165
33244
32902
29869
34310
31592
32317
30398
32376
30000
32373
32619
32301
30430
35551
31003
32621
30934
31667
30753
45112
33714
33106
31058
34844
32065
31803
30932
31753
31320
32332
33812
32891
31138
34378
30976
31808
31873
32396
30459
32490
33218
33465
30493
35303
31258
31840
30653
32021
30549
32243
44277
33968
30624
33056
31952
31932
31309
31850
30878
33059
33095
34133
30509
33818
30969
33437
30313
31937
29704
31617
31847
34679
32181
34980
31243
32356
30082
32369
30534
32845
32092
35087
30922
34531
31196
32418
32590
31866
31794
32975
31975
35126
30762
34827
31025
31478
31711
31772
30757
31980
32308
34388
30842
35126
31124
31832
30937
34699
32328
31365
32839
47539
30806
35254
31010
32543
31211
31413
30367
31974
44904
35800
30760
35900
31370
32092
31320
32592
31714
32896
32599
34694
30864
34259
30991
31257
30728
31852
30779
32721
29937
34592
31660
34594
30277
32665
31056
32383
30433
32727
30485
35250
31095
36099
32483
32869
30486
31837
30042
32876
30238
34849
30447
34781
30799
32692
31733
31864
30799
31228
30589
34747
32012
41917
30097
31918
31053
31959
30648
33079
32237
34920
30575
35119
31794
33099
28462
20744
31871
33534
31551
35772
30983
34674
31513
42378
31097
32898
30745
32135
32770
35409
30872
34744
30605
31731
30825
31619
30250
33269
31250
34124
31298
47551
31021
32349
30857
32012
41026
31799
41904
35230
32036
34879
30078
31993
31105
32338
30890
33252
30772
35336
30442
34097
31590
33128
31197
31636
30308
32058
30998
34341
31393
35667
30661
31890
31269
31425
30699
32070
30877
34721
31937
35126
31167
31595
30410
32366
30673
31200
30381
34667
32117
34351
31934
31699
31170
31827
31878
32213
30544
35870
32789
35732
31077
32083
31733
31512
31718
32080
30282
34524
31314
34548
31556
31735
31124
32490
30614
32674
30819
35749
32541
46090
31360
16667
48034
34155
30029
31401
30328
34985
30962
34866
30702
31212
30692
32049
31243
32476
33327
34016
31672
36382
32993
32123
30758
31716
31590
32689
30542
35271
31660
35718
30689
31573
30304
32437
30090
31412
30777
34805
31379
34869
31332
31187
31348
33065
30193
31220
30645
35007
32686
35514
30131
32135
32815
32179
30323
31541
30235
16635
32830
35478
32146
32369
45915
31806
31259
32531
31187
45799
32847
41459
31633
32240
30170
32020
30541
32186
30582
33669
33194
33816
31068
32134
29848
31966
30206
32449
30251
34019
33487
34396
32177
31627
30896
31781
30859
31779
30459
31454
32415
34548
30529
32774
30842
31174
30592
31031
30534
33633
32629
33980
31250
32410
30398
31760
30981
31377
30541
30030
33258
33857
20522
33364
30935
31762
31036
34597
30925
33748
33454
33359
30675
31929
31190
31679
32112
31578
30973
34197
33466
33614
30495
31787
30100
31852
30859
31728
29942
33608
33284
33711
30607
32784
30607
31576
30102
31229
32374
33667
28115
32961
31066
31997
30949
32092
30255
31530
30611
33470
32682
33138
31614
43991
40862
32670
30876
31905
31362
32386
33151
33633
31561
42448
30085
31947
30367
33264
30576
32184
31905
33165
30549
33359
30804
32393
30976
32352
31274
32922
33577
33374
30102
32706
30971
32296
30054
32195
29787
30129
33000
33405
30887
31755
29979
32849
30481
31847
30117
31934
33304
33709
30794
32270
30192
31452
30319
32262
32339
32355
34218
32508
20134
33742
48034
33112
30717
33259
30729
31981
39892
35308
31209
33102
30529
31502
30071
31529
30158
32483
33689
33088
31088
31332
30611
31203
30143
31452
30227
31937
29253
32510
30088
32454
30478
32527
31012
31211
30202
31217
33529
33157
31286
32396
30488
30840
30939
32485
30486
31437
33985
31867
31315
31986
30755
32265
31291
32470
31136
31534
29456
32204
30748
32252
30532
32555
30639
32014
30483
33313
30259
32696
30556
33109
31271
32038
30969
31073
31003
31612
34121
33181
13271
31561
30318
31629
30920
31572
30731
31153
29227
32415
31039
31379
30551
32128
30640
34983
30680
31269
29995
33034
30750
32940
30116
31005
29536
31374
30229
31719
32918
45828
29103
32743
31454
32419
30333
31248
30420
46122
33415
33335
30309
32348
30682
32032
30275
42588
30129
30831
32844
33480
30551
31013
30080
32245
30739
31971
31240
31862
33269
34902
31340
31910
30229
31752
29857
33180
30599
32681
33444
35118
30985
32665
30934
31461
30296
31932
29917
32279
33464
31208
30728
32429
30318
32432
41562
46724
29922
32069
32543
34662
29864
32317
30881
32337
30194
31289
30231
31136
33635
35182
27157
32019
30529
31364
31599
31878
31782
30626
33075
34907
31864
33084
30395
31083
30025
31338
30488
31767
33395
34904
31546
32719
30731
32332
30034
31488
31063
31594
32636
35164
30975
31456
30670
31984
30598
31903
30428
33701
33747
34611
26455
33546
30506
32672
30558
31369
30200
31711
33199
34920
30648
31849
30442
31012
29819
31854
30527
32104
33101
34533
31808
32667
30228
31940
30469
32932
30153
32393
32860
34798
31009
32852
30095
31981
30311
32155
30352
32284
34029
35218
31211
32352
30418
32141
30379
32260
30253
31422
14952
31335
31558
32869
30500
32262
30299
32415
33730
31918
32786
35216
31832
31932
31187
31896
30168
32179
30325
32087
34951
35114
31697
32588
31143
31745
31862
32277
31075
31745
33252
34621
31377
32293
31241
32527
31039
31662
30872
32687
32947
34989
32155
32384
31900
32104
31464
31599
30093
32476
33480
35607
31012
32158
30534
32566
30408
32308
31048
32262
32192
36026
31889
33162
29891
32250
30997
32311
29541
31743
33165
34886
32646
32881
30922
32252
31073
31867
30345
32213
33703
42337
31704
32742
30791
31456
30847
32234
31054
31905
33381
35357
32071
32386
30922
33026
30372
31395
29352
32276
33269
34813
31777
32578
30272
32842
29956
31498
29842
31983
33815
36147
31772
33192
30226
32143
31415
32007
30207
32221
33339
35165
31976
32482
31134
32388
30588
32427
30473
31667
33211
35439
31685
32577
30350
31529
30039
31532
31178
32685
33186
34995
31879
31873
30724
32514
31017
31476
30612
31716
33313
34413
31908
32973
30781
32269
30670
31080
30003
31488
33124
34968
32619
32289
30894
31493
31461
31929
29988
31568
33393
35121
34546
31335
30934
31439
30384
31675
30823
31258
33179
35502
30641
33172
30874
31056
30500
31597
30316
32355
33208
19379
33606
32240
16551
29912
30129
31100
29545
32657
33420
33398
33449
32762
30287
33764
30056
31755
31027
33525
31786
34538
32789
32022
30498
31670
30959
31670
30031
15287
34043
33187
33067
33317
30098
32163
30558
32483
31541
26476
32275
33238
33189
32948
32053
32541
30163
31265
30320
34347
32260
33653
33284
32813
31141
31998
31153
31935
31131
32220
31798
34481
32817
33453
30236
31913
31352
33002
30225
34662
32968
34337
33580
34106
30568
33131
31204
32760
30484
33587
31864
33415
32146
32842
30374
32536
30338
31585
30412
35070
31925
28331
32934
31963
31447
32240
30641
32583
30062
34595
31318
33691
34124
31836
30607
32114
30085
31813
29961
32660
31475
34762
33969
32519
30726
32568
30141
33323
31299
34410
31486
32507
33112
32971
45996
31864
30464
31415
30517
33859
31276
32049
34055
32745
30418
32078
30575
31903
42802
32945
32657
31818
33575
31143
30823
32092
30573
30969
30481
35022
32551
32311
33956
32194
30517
32172
15917
32609
30845
32531
31573
31745
33859
33888
31027
31937
30643
32218
30823
35538
31937
32029
33915
32330
31015
32087
30699
31709
30913
35466
31568
33148
34106
33163
32172
45066
30663
31447
30058
35201
32714
32182
33711
34099
30663
32502
30871
31845
30423
35378
30976
30802
33621
33228
31131
33570
32077
31888
30408
46234
32247
32105
33592
33249
31415
31447
30699
32420
30624
35580
32289
31956
32934
33270
31452
32071
30974
31990
30799
34709
31830
31786
34055
33163
30728
33241
30505
47345
30381
35060
31804
33004
34356
33425
30150
32241
30527
31811
30750
34381
31423
31583
31708
33041
30752
31789
30682
33405
31093
35330
31687
32527
34335
32839
30729
32119
30835
32076
45313
35526
31107
31674
31221
33378
30598
31733
29983
31939
29889
34364
33053
32064
33128
33465
31025
32830
30270
31400
29828
35242
31661
32718
32541
33383
30632
31493
30418
32005
30342
34233
30459
32051
33000
33177
30323
32301
30709
33704
30258
34529
31592
35752
33214
33779
30614
32401
31552
31937
30607
35062
31092
31910
16509
34395
31021
31799
30348
30872
30418
34623
30634
32864
33553
34545
31522
32206
30738
31340
30641
34359
31271
31959
33762
34621
31031
31784
30776
31783
30501
34512
32481
30985
32714
34722
31314
31871
30597
32655
29969
34885
30639
31384
32190
34682
30728
32391
30728
31483
30856
34541
30980
31852
33146
34956
30770
32376
31716
32461
30112
33452
31518
33262
32461
31365
31616
32544
30530
31468
30801
34803
31895
31786
32866
34806
31250
33019
30313
32410
31221
34886
30932
32116
32752
34385
31350
31352
31690
31556
30556
35718
31439
45750
32396
35174
30190
31117
31037
33699
30799
34482
31284
30744
31129
34119
31136
32917
30883
31497
30633
34583
31131
